0.410589 1.30199
0.409756 1.27817
0.410476 1.27817
0.413023 1.32422
0.415455 1.36951
0.419556 1.45864
0.418261 1.41478
0.414468 1.30679
0.414167 1.28551
0.41551 1.30647
0.416 1.30647
0.416471 1.30647
0.413846 1.22615
0.412075 1.16673
0.411852 1.14719
0.411636 1.12791
0.411429 1.10888
0.41614 1.22162
0.418621 1.27728
0.415593 1.18565
0.419333 1.27617
0.420328 1.29406
0.420645 1.29406
0.418413 1.22417
0.41875 1.22417
0.418462 1.20709
0.417576 1.1733
0.418507 1.19001
0.416471 1.1239
0.417971 1.1566
0.418286 1.1566
0.418592 1.1566
0.416667 1.09319
0.417534 1.10888
0.418378 1.12442
0.4192 1.13981
0.420526 1.17029
0.422338 1.21558
0.421026 1.17072
0.420759 1.1559
0.4235 1.2293
0.425185 1.27294
0.425854 1.28735
0.42506 1.25877
0.42381 1.21628
0.426824 1.30053
0.426977 1.30053
0.426207 1.27292
0.428636 1.34137
0.427865 1.31422
0.429333 1.35461
0.427692 1.30119
0.429565 1.35419
0.429247 1.34104
0.428936 1.328
0.429895 1.35388
0.429583 1.34104
0.428866 1.31555
0.429796 1.34085
0.429091 1.31574
0.428 1.27835
0.425743 1.20412
0.423137 1.11814
0.422524 1.09375
0.422692 1.09375
0.423619 1.1178
0.423019 1.09392
0.424673 1.14135
0.425185 1.15313
0.425321 1.15313
0.426909 1.1996
0.425946 1.16498
0.426786 1.18791
0.426549 1.17652
0.426316 1.1652
0.427478 1.19893
0.426207 1.15424
0.425983 1.14314
0.426102 1.14314
0.42521 1.11025
0.426 1.13204
0.426777 1.1537
0.428525 1.20752
0.429268 1.22892
0.43 1.2502
0.43104 1.28191
0.430794 1.2714
0.432441 1.32365
0.4325 1.32365
0.431628 1.29266
0.431692 1.29266
0.431145 1.27224
0.430303 1.24177
0.429173 1.20137
0.430149 1.2315
0.428148 1.16158
0.427059 1.12184
0.427445 1.13172
0.427536 1.13172
0.428201 1.15127
0.427714 1.13182
0.428085 1.1415
0.429577 1.18961
0.429371 1.18004
0.429722 1.18956
0.429241 1.17061
0.429863 1.18946
0.42966 1.18009
0.430541 1.20808
0.431678 1.24523
0.432533 1.27295
0.432583 1.27295
0.431842 1.2455
0.431895 1.2455
0.432468 1.26362
0.432258 1.2546
0.431795 1.23665
0.432102 1.24558
0.43038 1.18334
0.429937 1.16564
0.42925 1.13922
0.429814 1.15675
0.42963 1.14803
0.430675 1.18278
0.43 1.15683
0.429576 1.13961
0.428193 1.08818
0.427545 1.06258
0.428095 1.07957
0.427692 1.06265
0.427529 1.05423
0.427135 1.03746
0.427209 1.03746
0.42659 1.01252
0.427356 1.03735
0.427657 1.0456
0.427273 1.02918
0.427119 1.02101
0.426292 0.988448
0.426145 0.980342
0.425556 0.956125
0.426077 0.972203
0.425714 0.95619
0.426011 0.964164
0.426739 0.98799
0.427892 1.02754
0.427742 1.01966
0.42738 1.00397
0.427234 0.996151
0.427937 1.01951
0.428 1.01951
0.428482 1.03496
0.42875 1.04265
0.429637 1.07331
0.430309 1.09622
0.429949 1.08101
0.430408 1.09616
0.43066 1.10371
0.429899 1.07363
0.428744 1.02867
0.4296 1.05853
0.429851 1.06597
0.429703 1.05856
0.429951 1.06594
0.430392 1.08065
0.429463 1.04401
0.42932 1.0367
0.429179 1.02943
0.429231 1.02943
0.429665 1.04388
0.428952 1.01508
0.427867 0.972033
0.428302 0.986331
0.428732 1.00058
0.428411 0.986381
0.427907 0.965156
0.428889 1.00041
0.428756 0.993382
0.42844 0.979378
0.428493 0.979378
0.428364 0.972423
0.428416 0.972423
0.42991 1.02769
0.429955 1.02769
0.430893 1.062
0.430756 1.05516
0.430619 1.04834
0.430661 1.04834
0.430175 1.02803
0.430393 1.03478
0.430435 1.03478
0.431342 1.06831
0.431379 1.06831
0.431588 1.07498
0.431282 1.06169
0.43166 1.07494
0.432034 1.08814
0.43173 1.07498
0.431933 1.08154
0.432134 1.08808
0.431833 1.07504
0.432033 1.08154
0.432066 1.08154
0.431111 1.04278
0.431803 1.06854
0.432653 1.10064
0.43252 1.09424
0.433036 1.11338
0.43371 1.13883
0.434217 1.15786
0.43376 1.13889
0.433785 1.13889
0.43381 1.13889
0.434783 1.1765
0.434488 1.164
0.434824 1.17646
0.433906 1.13918
0.433774 1.13298
0.434109 1.14534
0.434131 1.14534
0.434154 1.14534
0.434176 1.14534
0.434046 1.13923
0.433004 1.0966
0.432576 1.07838
0.432755 1.08444
0.432932 1.09048
0.432959 1.09048
0.433284 1.10249
0.434052 1.13243
0.433778 1.12049
0.433948 1.12644
0.434853 1.16208
0.434725 1.15616
0.434453 1.14434
0.433745 1.11489
0.433768 1.11489
0.433213 1.09145
0.433381 1.09729
0.433692 1.10895
0.433143 1.0857
0.43331 1.0915
0.432766 1.06837
0.432509 1.05684
0.432113 1.03958
0.432 1.03384
0.431748 1.0224
0.431638 1.01669
0.432361 1.04515
0.432526 1.05083
0.432414 1.04517
0.43189 1.02258
0.431644 1.01131
0.431809 1.01693
0.432245 1.03374
0.432271 1.03374
0.432027 1.02259
0.432593 1.04484
0.432483 1.03929
0.433043 1.06143
0.4332 1.06695
0.432824 1.05043
0.43298 1.05593
0.433399 1.07237
0.433421 1.07237
0.433705 1.08328
0.433856 1.08872
0.433746 1.08329
0.434026 1.09412
0.433528 1.07251
0.433161 1.05635
0.432926 1.0456
0.432692 1.03487
0.432332 1.01882
0.432484 1.02416
0.432381 1.01884
0.432025 1.0029
0.43205 1.0029
0.432075 1.0029
0.432351 1.01345
0.43275 1.02924
0.433022 1.03974
0.433416 1.05545
0.43356 1.06067
0.433827 1.0711
0.433846 1.0711
0.434479 1.09705
0.434251 1.0867
0.434512 1.09703
0.434407 1.09187
0.434545 1.09702
0.434079 1.07649
0.433855 1.06625
0.433514 1.05093
0.433413 1.04583
0.43391 1.06617
0.433929 1.06617
0.434065 1.07124
0.433846 1.06113
0.433982 1.06617
0.433765 1.05611
0.4339 1.06113
0.433684 1.05112
0.433936 1.06111
0.433488 1.04117
0.433391 1.03619
0.433064 1.0213
0.433429 1.03616
0.433678 1.04604
0.433582 1.04111
0.433486 1.03619
0.433846 1.05093
0.433636 1.04112
0.433994 1.0558
0.434124 1.06068
0.434479 1.07529
0.434719 1.08501
0.435182 1.10441
0.435866 1.13345
0.435766 1.12862
0.436 1.13826
0.435568 1.11902
0.43547 1.11422
0.435702 1.1238
0.435495 1.11424
0.435726 1.12378
0.435628 1.11902
0.435749 1.12377
0.43587 1.12851
0.435664 1.11905
0.435784 1.12377
0.435687 1.11905
0.435806 1.12376
0.436032 1.13315
0.435936 1.12846
0.436053 1.13314
0.43617 1.1378
0.436393 1.14712
0.436296 1.14247
0.435673 1.11464
0.435684 1.11464
0.435801 1.11926
0.435497 1.10543
0.435718 1.11463
0.435625 1.11004
0.435532 1.10545
0.43513 1.08715
0.435556 1.10542
0.435464 1.10086
0.435578 1.10541
0.436103 1.12811
0.435908 1.11905
0.435816 1.11452
0.435623 1.10549
0.435431 1.09648
0.435139 1.08299
0.435758 1.10992
0.435768 1.10992
0.435879 1.1144
0.43589 1.1144
0.4363 1.13222
0.436209 1.12777
0.436318 1.13221
0.43603 1.11892
0.435941 1.11449
0.435852 1.11008
0.436552 1.14092
0.436462 1.13653
0.436569 1.14092
0.436773 1.14968
0.436585 1.14093
0.436594 1.14093
0.436505 1.13657
0.436416 1.13222
0.436618 1.14091
0.436241 1.12357
0.436058 1.11492
0.435683 1.09764
0.435598 1.09333
0.435227 1.07611
0.435524 1.089
0.435344 1.08042
0.434976 1.0633
0.435177 1.07185
0.434906 1.05905
0.434918 1.05905
0.434366 1.03354
0.434379 1.03354
0.434299 1.02931
0.434219 1.02508
0.434326 1.0293
0.434339 1.0293
0.434444 1.03351
0.434457 1.03351
0.434194 1.02093
0.434207 1.02093
0.434587 1.03764
0.434874 1.05015
0.43516 1.06265
0.43508 1.05849
0.435091 1.05849
