0.451536 6.81197
0.451546 6.80895
0.451615 6.81498
0.451642 6.81498
0.451533 6.81799
0.451601 6.81198
0.451552 6.81498
0.451268 6.80299
0.451395 6.80898
0.451187 6.80001
0.451314 6.80598
0.451441 6.80896
0.451334 6.81195
0.451227 6.80301
0.450888 6.78814
0.450683 6.7822
0.450694 6.7822
0.450646 6.7822
0.450599 6.77628
0.450841 6.79107
0.450678 6.7822
0.450706 6.78515
0.450601 6.78515
0.450669 6.78515
0.450565 6.78221
0.450576 6.77927
0.450529 6.77927
0.4505 6.77927
0.450796 6.79392
0.451091 6.80855
0.451101 6.8144
0.45094 6.80272
0.451064 6.81147
0.45092 6.80856
0.45093 6.80274
0.451053 6.81146
0.450951 6.80855
0.450904 6.80855
0.451252 6.82595
0.451109 6.82595
0.451007 6.82016
0.451129 6.82016
0.451138 6.82305
0.451371 6.83458
0.451548 6.84611
0.451852 6.8605
0.451805 6.86337
0.451591 6.85188
0.451767 6.86336
0.451776 6.86049
0.451674 6.85763
0.451754 6.85763
0.451983 6.87763
0.451991 6.87478
0.452 6.87478
0.452118 6.88617
0.452291 6.8947
0.452424 6.90892
0.452705 6.91743
0.452713 6.92027
0.452829 6.92594
0.453054 6.94009
0.453388 6.95706
0.453735 6.97401
0.453796 6.98248
0.45391 6.98811
0.454186 6.99938
0.454354 7.01063
0.454521 7.02188
0.454594 7.02468
0.454653 7.0331
0.454765 7.0359
0.45477 7.0415
0.454775 7.0415
0.454672 7.03591
0.454852 7.04429
0.454909 7.04986
0.454807 7.04986
0.454918 7.05265
0.454923 7.05543
0.45498 7.0582
0.455211 7.07207
0.455109 7.0693
0.45506 7.06653
0.455223 7.07483
0.455385 7.08589
0.455441 7.08865
0.455301 7.08037
0.45541 7.08864
0.455624 7.09965
0.45568 7.1079
0.455788 7.11339
0.455739 7.11065
0.456017 7.1271
0.455915 7.12436
0.455866 7.12162
0.455817 7.11889
0.455613 7.1107
0.455772 7.11888
0.455996 7.13251
0.455999 7.13251
0.456105 7.14339
0.456056 7.14068
0.456162 7.14611
0.456268 7.15153
0.456335 7.15966
0.456492 7.16779
0.456596 7.1732
0.456752 7.1813
0.456856 7.1894
0.456909 7.1921
0.457026 7.19749
0.457181 7.20826
0.457437 7.22439
0.45759 7.23245
0.457693 7.24051
0.457693 7.24051
0.457808 7.24854
0.45791 7.2539
0.457961 7.25925
0.457961 7.25925
0.458163 7.26992
0.458164 7.27259
0.458377 7.28591
0.458377 7.28059
0.458477 7.29388
0.458577 7.29654
0.458777 7.30981
0.458727 7.30981
0.458988 7.32571
0.459186 7.33629
0.459235 7.34158
0.459234 7.34422
0.459332 7.34686
0.459281 7.34686
0.459292 7.35213
0.459291 7.35213
0.459389 7.35739
0.459634 7.37053
0.459534 7.3679
0.459483 7.36528
0.459494 7.36528
0.45964 7.37575
0.459785 7.38883
0.460077 7.4045
0.460075 7.4045
0.460415 7.42276
0.460619 7.43057
0.460909 7.454
0.461295 7.47481
0.461389 7.48001
0.461482 7.4878
0.461576 7.49298
0.461728 7.49557
0.461821 7.51111
0.461769 7.50852
0.462006 7.52144
0.462146 7.53177
0.462286 7.53951
0.462485 7.55498
0.462528 7.55755
0.462763 7.56527
0.462854 7.57812
0.462944 7.58069
0.46313 7.59352
0.463469 7.61146
0.463606 7.62171
0.463743 7.63195
0.463832 7.63962
0.464016 7.64728
0.464009 7.64983
0.464298 7.66513
0.464338 7.67277
0.464426 7.67532
0.464655 7.69312
0.464789 7.70075
0.464735 7.69821
0.464832 7.70835
0.464918 7.71342
0.464864 7.70836
0.464904 7.71595
0.464896 7.71595
0.465029 7.72352
0.465359 7.74118
0.465304 7.74371
0.465296 7.74622
0.465428 7.75377
0.465653 7.76635
0.465784 7.77388
0.466064 7.78392
0.466194 7.79897
0.466417 7.8115
0.466546 7.82402
0.466676 7.83152
0.466805 7.83902
0.466943 7.84401
0.467072 7.85648
0.467246 7.86646
0.467512 7.88638
0.467501 7.88638
0.467446 7.88389
0.467719 7.8988
0.467846 7.91121
0.467881 7.91617
0.468099 7.92856
0.46827 7.93599
0.468214 7.93599
0.468257 7.9434
0.468292 7.94093
0.46819 7.94093
0.468225 7.9434
0.468214 7.94586
0.468384 7.9557
0.468201 7.95324
0.468281 7.9557
0.46836 7.95816
0.468439 7.96551
0.468518 7.97287
0.468687 7.98266
0.468863 7.99
0.468987 7.99978
0.46893 8.00222
0.469098 8.01442
0.469131 8.01686
0.469208 8.02173
0.469472 8.03634
0.469638 8.04607
0.469848 8.06065
0.469969 8.07036
0.470179 8.08249
0.470299 8.09219
0.470427 8.09704
0.470502 8.1043
0.470534 8.11155
0.470697 8.12122
0.470816 8.12846
0.470671 8.12363
0.470842 8.13569
0.471092 8.15014
0.471078 8.15254
0.471196 8.15975
0.471358 8.17177
0.471257 8.16697
0.471294 8.17176
0.471325 8.17416
0.471267 8.17655
0.47121 8.17177
0.471197 8.17416
0.47114 8.17177
0.471394 8.18609
0.471598 8.19802
0.471714 8.20755
0.471873 8.21945
0.471772 8.21707
0.471845 8.22183
0.471924 8.22658
0.472168 8.23844
0.472369 8.25267
0.472484 8.26689
0.472684 8.27636
0.472755 8.28346
0.472661 8.28346
0.472732 8.29054
0.472845 8.2929
0.473129 8.30941
0.473285 8.32119
0.473355 8.32825
0.473304 8.32825
0.473246 8.32355
0.473358 8.33529
0.47347 8.34233
0.473497 8.34468
0.473397 8.34234
0.473304 8.34234
0.473415 8.34468
0.473442 8.34935
0.473553 8.35869
0.47358 8.36103
0.473733 8.37269
0.473808 8.37735
0.473834 8.38433
0.473903 8.38666
0.473719 8.38201
0.473704 8.37969
0.473898 8.39361
0.47393 8.39825
0.474207 8.41448
0.474399 8.42837
0.474383 8.42837
0.474325 8.42606
0.474309 8.42837
0.474383 8.43298
0.474533 8.44221
0.474641 8.45374
0.474625 8.45374
0.47465 8.45604
0.47484 8.46984
0.474954 8.47673
0.47502 8.48591
0.475127 8.4905
0.475274 8.50426
0.47534 8.50655
0.475323 8.50884
0.47564 8.52485
0.475705 8.53627
0.475811 8.54312
0.475875 8.54769
0.476062 8.56137
0.476126 8.56593
0.476115 8.56593
0.476016 8.56593
0.476121 8.57047
0.476347 8.58637
0.476451 8.59545
0.476515 8.59999
0.476786 8.61812
0.476889 8.62718
0.476952 8.63171
0.476894 8.62944
0.477037 8.64074
0.47714 8.64752
0.477127 8.64752
0.47723 8.65879
0.477292 8.66555
0.477535 8.67905
0.477498 8.67905
0.47766 8.68804
0.477623 8.68804
0.477745 8.69926
0.477867 8.70823
0.477869 8.71048
0.47811 8.72391
0.478112 8.72615
0.478233 8.73733
0.478275 8.74403
0.478435 8.75073
0.478635 8.76858
0.478636 8.76858
0.478835 8.78194
0.479034 8.79307
0.479272 8.80864
0.47943 8.81754
0.47951 8.83086
0.47955 8.83086
0.479432 8.82643
0.479668 8.84416
0.479747 8.85301
0.479826 8.85965
0.480179 8.87734
0.480335 8.8906
0.480413 8.89502
0.480569 8.90826
0.480685 8.91708
0.480801 8.92148
0.480918 8.93689
0.480956 8.93689
0.480916 8.93909
0.480876 8.94129
0.480836 8.9347
0.480913 8.94129
0.48099 8.95005
0.481027 8.95663
0.480988 8.95663
0.480948 8.95663
0.481024 8.96318
0.481178 8.97192
0.481253 8.97847
0.481252 8.98283
0.481328 8.98937
0.481288 8.98937
0.481325 8.9959
0.481362 8.99807
0.481361 9.00242
0.481398 9.00459
0.481358 9.00459
0.481433 9.00893
0.481508 9.01759
0.481469 9.01543
0.481543 9.02408
0.48177 9.0349
0.481806 9.04138
0.482032 9.05649
0.482068 9.06297
0.482218 9.07159
0.482292 9.07806
0.482441 9.08667
0.482703 9.10603
0.482813 9.11248
0.482924 9.12323
0.483034 9.13182
0.483069 9.13611
0.483291 9.15112
0.483401 9.16183
0.483473 9.16611
0.483395 9.16397
0.483429 9.17038
0.4835 9.17679
0.48346 9.17893
0.483531 9.1832
0.483603 9.19173
0.483562 9.19173
0.483633 9.19598
0.483667 9.19811
0.483738 9.20874
0.48366 9.20237
0.483879 9.21511
0.483987 9.22996
0.484205 9.24056
0.484239 9.2448
0.484383 9.2575
0.484305 9.25539
0.484338 9.2575
0.484407 9.26384
0.484551 9.2744
0.484657 9.28495
0.484689 9.28916
0.485015 9.30602
0.485158 9.32076
0.485043 9.31866
0.485112 9.32076
0.48507 9.32076
0.485066 9.32286
0.485061 9.32706
0.485202 9.33544
0.485416 9.34802
0.485521 9.35849
0.485625 9.36895
0.485547 9.36686
0.485542 9.37104
0.48561 9.37313
0.485822 9.38774
0.485889 9.39608
0.485848 9.394
0.485915 9.39816
0.485946 9.40649
0.486012 9.41481
0.486115 9.41897
0.48629 9.43351
0.486464 9.44596
0.486566 9.45426
0.486452 9.45011
0.48659 9.46047
0.486692 9.46875
0.486865 9.4791
0.487038 9.4915
0.486996 9.49563
0.486954 9.49357
0.487055 9.50389
0.48712 9.50595
0.487256 9.51831
0.487285 9.52037
0.487243 9.52243
0.48713 9.51832
0.487159 9.52037
0.48726 9.53064
0.48743 9.54501
0.48753 9.54911
0.487665 9.55936
0.487694 9.56755
0.487616 9.56345
0.487715 9.56959
0.487603 9.56755
0.487631 9.56959
0.487871 9.58796
0.48797 9.59612
0.487857 9.59205
0.487991 9.6002
0.488159 9.61445
0.488467 9.63073
0.488565 9.6409
0.488698 9.65512
0.488655 9.65309
0.488717 9.65918
0.488814 9.66526
0.488946 9.67742
0.489078 9.68755
0.489279 9.6997
0.489236 9.70172
0.489228 9.6997
0.489255 9.70778
0.489281 9.7098
0.489447 9.7219
0.489473 9.72997
0.489499 9.73198
0.489629 9.73803
0.489621 9.74205
0.489613 9.74808
0.489673 9.7521
0.489768 9.75813
0.489829 9.76415
0.489786 9.76415
0.489984 9.78019
0.490113 9.7862
0.490035 9.7862
0.49013 9.7982
0.490258 9.8042
0.490318 9.8102
0.490309 9.81419
0.490163 9.8102
0.490257 9.81618
0.490487 9.82814
0.490546 9.84009
0.490673 9.84606
0.490766 9.85402
0.490791 9.85998
0.490918 9.86793
0.490976 9.87786
0.491069 9.87984
0.491161 9.88777
0.491219 9.89967
0.49121 9.89768
0.491302 9.90362
0.491191 9.90362
0.491316 9.90955
0.49134 9.91943
0.491365 9.91943
0.491254 9.91746
0.491345 9.92534
0.49147 9.93323
0.491528 9.93913
0.491518 9.94504
0.491642 9.95094
0.4918 9.96273
0.491924 9.97452
0.492114 9.98826
0.492138 9.99218
0.492161 9.9961
0.492184 9.99806
0.492241 10.0079
0.492264 10.0098
0.492187 10.0098
0.49231 10.0176
0.492366 10.0235
0.492455 10.0313
0.492544 10.0372
0.492534 10.0411
0.49259 10.043
0.492645 10.0527
0.492701 10.0605
0.492789 10.0644
0.492779 10.0664
0.492801 10.0722
0.492824 10.0761
0.492879 10.0819
0.493 10.0916
0.492956 10.0896
0.492979 10.0935
0.493001 10.0974
0.493056 10.1071
0.49311 10.109
0.493132 10.1129
0.493252 10.1244
0.493274 10.1264
0.493263 10.1302
0.493285 10.1341
0.493307 10.1379
0.493394 10.1437
0.493415 10.1495
0.493307 10.1476
0.493264 10.1456
0.493285 10.1495
0.493339 10.1552
0.493491 10.1667
0.493641 10.1744
0.49376 10.1878
0.493878 10.1935
0.493867 10.1993
0.493791 10.1974
0.493748 10.1974
0.493801 10.2031
0.493758 10.2012
0.493875 10.2107
0.4938 10.2088
0.493821 10.2145
0.49381 10.2145
0.493799 10.2183
0.493852 10.2241
0.493905 10.226
0.493798 10.226
0.493882 10.2297
0.493999 10.2411
0.494147 10.2506
0.494136 10.2544
0.494252 10.2677
0.494177 10.2639
0.494261 10.2695
0.494218 10.2714
0.494302 10.279
0.494418 10.2884
0.494375 10.2903
0.494458 10.296
0.494573 10.3035
0.494657 10.311
0.494424 10.3035
0.494507 10.3092
0.494622 10.3167
0.494547 10.3186
0.494662 10.3242
0.494556 10.3223
0.494497 10.3204
0.494596 10.3279
0.494663 10.3354
0.494761 10.3429
0.494828 10.3504
0.494801 10.3542
0.494648 10.3467
0.494621 10.3467
0.494688 10.3523
0.494848 10.3616
0.494852 10.3672
0.494825 10.3691
0.49486 10.3728
0.494989 10.3821
0.494961 10.3821
0.495058 10.3914
0.495031 10.3933
0.495066 10.3988
0.495163 10.4044
0.495198 10.41
0.495139 10.41
0.495144 10.4137
0.495271 10.4248
0.495182 10.4192
0.495062 10.4155
0.495097 10.4229
0.495193 10.4266
0.495227 10.4322
0.495323 10.4414
0.495481 10.4543
0.495638 10.4635
0.495672 10.4709
0.495675 10.4727
0.495801 10.4838
0.495865 10.4893
0.495869 10.493
0.495933 10.4985
0.495875 10.5003
0.49597 10.504
0.495942 10.5076
0.496098 10.5186
0.496162 10.5241
0.496347 10.5388
0.49632 10.5388
0.496261 10.5388
0.496447 10.5534
0.496449 10.5552
0.496543 10.5643
0.496636 10.5716
0.496669 10.5789
0.496763 10.5862
0.496795 10.5899
0.496798 10.5917
0.49674 10.5917
0.496772 10.5971
0.496805 10.6008
0.496928 10.6099
0.49693 10.6099
0.496993 10.6189
0.497115 10.6298
0.497027 10.6262
0.49706 10.6334
0.497242 10.6425
0.497244 10.6479
0.497335 10.6551
0.497338 10.6588
0.497369 10.6642
0.497491 10.6732
0.497463 10.6732
0.497435 10.6732
0.497437 10.6786
0.497439 10.6804
0.49744 10.6822
0.497413 10.684
0.497444 10.6876
0.497565 10.6966
0.497596 10.702
0.497598 10.7074
0.497719 10.7127
0.49772 10.7163
0.497692 10.7181
0.497783 10.7253
0.497873 10.7342
0.497934 10.7414
0.497994 10.7468
0.498025 10.7503
0.497968 10.7521
0.498028 10.7575
0.498059 10.761
0.498149 10.77
0.498121 10.7682
0.498122 10.7735
0.498182 10.7789
0.498271 10.786
0.498331 10.7931
0.498303 10.7949
0.498363 10.8002
0.498364 10.8037
0.498248 10.8002
0.498395 10.8108
0.498397 10.8126
0.498514 10.8232
0.498661 10.8356
0.49872 10.8409
0.498721 10.8427
0.498809 10.8533
0.498723 10.848
0.498666 10.848
0.498754 10.8551
0.498697 10.8568
0.498698 10.8586
0.498554 10.8516
0.498613 10.8568
0.4987 10.8656
0.498759 10.8709
0.498846 10.8797
0.498934 10.8867
0.498906 10.8867
0.49905 10.899
0.499137 10.9078
0.499109 10.9078
0.498995 10.906
0.499053 10.9078
0.499111 10.9148
0.499198 10.9235
0.499313 10.9305
0.499428 10.9428
0.4994 10.9445
0.499371 10.9445
0.499372 10.9497
0.499429 10.9532
0.499458 10.9567
0.499487 10.9619
0.499573 10.9724
0.499573 10.9741
0.499488 10.9707
0.49946 10.9707
0.499404 10.9724
0.499546 10.9828
0.499518 10.9828
0.499632 10.9915
0.499547 10.9915
0.499576 10.9932
0.499604 10.9984
0.499633 11.0019
0.499718 11.0088
0.499662 11.0088
0.499662 11.0105
0.499831 11.0243
0.499887 11.0295
0.499859 11.0313
0.5 11.0416
0.500056 11.0485
0.500112 11.0554
0.50014 11.0588
0.500112 11.0605
0.500028 11.0571
0.499944 11.0554
0.499888 11.052
0.499888 11.0571
0.499832 11.0554
0.500028 11.0691
0.500028 11.0725
0.499972 11.0725
0.499916 11.0708
0.499972 11.076
0.500028 11.0845
0.5 11.0828
0.5 11.0862
0.500083 11.0948
0.500111 11.0999
0.500139 11.1016
0.500139 11.105
0.500166 11.1101
0.500277 11.1186
0.500221 11.1186
0.500331 11.1272
0.500442 11.1357
0.500414 11.1357
0.500441 11.1425
0.500468 11.1459
0.50044 11.1476
0.50044 11.151
0.500357 11.1459
0.500412 11.1526
0.500439 11.1543
0.500494 11.1628
0.500548 11.1696
0.500521 11.1696
0.500602 11.1763
0.500711 11.1865
0.500875 11.2
0.500847 11.2
0.500874 11.2034
0.5009 11.2084
0.5009 11.2118
0.500899 11.2135
0.500871 11.2169
0.500898 11.2185
0.500979 11.227
0.500924 11.2253
0.500869 11.2253
0.500895 11.227
0.500922 11.2337
0.50103 11.2421
0.500867 11.2337
0.500893 11.2404
0.501028 11.2504
0.501054 11.2538
0.501026 11.2538
0.500918 11.2504
0.500998 11.2571
0.50097 11.2588
0.50105 11.2655
0.500969 11.2638
0.500915 11.2638
0.500968 11.2688
0.501074 11.2771
0.501154 11.2855
0.501154 11.2888
0.501153 11.2905
0.501206 11.2971
0.501124 11.2938
0.50115 11.2971
0.501203 11.3038
0.501336 11.3154
0.501362 11.3187
0.501388 11.322
0.50136 11.3237
0.501466 11.332
0.501411 11.332
0.50149 11.3386
0.501596 11.3485
0.501648 11.3551
0.50162 11.3568
0.501566 11.3551
0.501618 11.3601
0.501696 11.3667
0.501775 11.3733
0.5018 11.3799
0.501905 11.3881
0.501877 11.3881
0.501902 11.3914
0.501875 11.3947
0.501821 11.3931
0.501819 11.3947
0.501844 11.3996
0.501843 11.4013
0.501842 11.4046
0.501972 11.4128
0.502024 11.421
0.502022 11.4226
0.502047 11.4275
0.502046 11.4324
0.502123 11.4357
0.502043 11.4357
0.502068 11.439
0.50204 11.439
0.502065 11.4439
0.502116 11.4504
0.502298 11.4635
0.502296 11.4651
0.502373 11.4732
0.502449 11.4814
0.5025 11.4863
0.502498 11.4895
0.502575 11.496
0.502599 11.5009
0.502571 11.5009
0.502647 11.5074
0.50262 11.509
0.502696 11.5172
0.502772 11.5237
0.502874 11.5318
0.502949 11.5399
0.502922 11.5415
0.502972 11.5463
0.502969 11.5512
0.503122 11.5609
0.503146 11.5658
0.50317 11.569
0.503219 11.5771
0.503295 11.5819
0.503344 11.5867
0.50329 11.5867
0.503391 11.5948
0.503363 11.5964
0.503387 11.6013
0.503359 11.6013
0.503408 11.6061
0.503431 11.6093
0.503506 11.6189
0.503478 11.6189
0.503501 11.6205
0.503448 11.6238
0.503625 11.635
0.503673 11.6414
0.50362 11.6398
0.503694 11.6478
0.503666 11.6494
0.503715 11.6542
0.503712 11.659
0.503736 11.659
0.503657 11.6574
0.503706 11.6638
0.503855 11.675
0.503929 11.683
0.503952 11.6878
0.503899 11.6862
0.503997 11.6941
0.50402 11.6989
0.504119 11.7085
0.504066 11.7069
0.503937 11.7005
0.503959 11.7069
0.504007 11.7116
0.504055 11.7164
0.504053 11.7196
0.504075 11.7228
0.504073 11.7259
0.504045 11.7259
0.504143 11.7338
0.504241 11.7434
0.504288 11.7481
0.504386 11.7576
0.504383 11.7608
0.504355 11.7608
0.504328 11.7608
0.504425 11.7702
0.504472 11.7766
0.504519 11.7829
0.504591 11.7892
0.504589 11.7908
0.504585 11.7923
0.504583 11.7955
0.50463 11.8018
0.504701 11.8081
0.504773 11.8144
0.504795 11.8191
0.504792 11.8207
0.504715 11.8191
0.504736 11.8238
0.504783 11.8285
0.504706 11.8269
0.504777 11.8332
0.504601 11.8269
0.504598 11.8269
0.504546 11.8269
0.504568 11.8301
0.50454 11.8316
0.504513 11.8332
0.504461 11.8316
0.504433 11.8316
0.504455 11.8332
0.504551 11.8426
0.504573 11.8488
0.504619 11.8535
0.50469 11.8597
0.504687 11.8628
0.504684 11.8659
0.504779 11.8737
0.504923 11.8862
0.504871 11.8862
0.504844 11.8846
0.50489 11.8908
0.504838 11.8908
0.504737 11.8877
0.50471 11.8877
0.504659 11.8862
0.504704 11.8924
0.504774 11.9001
0.50482 11.9048
0.504769 11.9032
0.504741 11.9032
0.504763 11.9079
0.504784 11.9109
0.504854 11.9187
0.504827 11.9202
0.504848 11.9233
0.504845 11.9264
0.504867 11.9295
0.504912 11.9341
0.504885 11.9341
0.504906 11.9403
0.504903 11.9418
0.504948 11.9449
0.504945 11.9495
0.505039 11.9587
0.50494 11.9541
0.504888 11.9541
0.504861 11.9556
0.504859 11.9556
0.504832 11.9572
0.50478 11.9556
0.504802 11.9587
0.504895 11.9679
0.504868 11.9694
0.504937 11.9756
0.504958 11.9817
0.504979 11.9832
0.504976 11.9863
0.505044 11.9924
0.504946 11.9893
0.504872 11.9863
0.504821 11.9863
0.504865 11.9924
0.504863 11.9939
0.504836 11.9954
0.504857 11.9985
0.50483 11.9985
0.504685 11.9939
0.50473 11.9985
0.504679 11.9969
0.504676 12
0.504721 12.003
0.504813 12.0121
0.504787 12.0136
0.504713 12.0136
0.504639 12.0091
0.504707 12.0167
0.504681 12.0167
0.504796 12.0242
0.50484 12.0318
0.504814 12.0318
0.504858 12.0379
0.504902 12.0424
0.5049 12.0454
0.504897 12.0469
0.504988 12.056
0.504891 12.0545
0.504912 12.056
0.504932 12.0605
0.504883 12.059
0.504879 12.0605
0.5049 12.065
0.504874 12.0665
0.504941 12.0725
0.504891 12.071
0.504982 12.08
0.505096 12.0906
0.505117 12.0936
0.505067 12.0921
0.505134 12.0981
0.505178 12.1056
0.505152 12.1056
0.505171 12.1086
0.505145 12.1101
0.505166 12.1131
0.505186 12.1175
0.505159 12.119
0.505203 12.1235
0.505154 12.1235
0.505104 12.122
0.504985 12.1176
0.505121 12.1265
0.505072 12.128
0.505139 12.134
0.505159 12.1369
0.505202 12.1414
0.505245 12.1489
0.505312 12.1548
0.505262 12.1548
0.505282 12.1593
0.505256 12.1593
0.505276 12.1622
0.50525 12.1608
0.50527 12.1667
0.505382 12.1756
0.505379 12.1786
0.505422 12.1815
0.505442 12.1889
0.505347 12.183
0.505344 12.186
0.505386 12.1904
0.505315 12.1889
0.505335 12.1934
0.505195 12.186
0.505123 12.186
0.505165 12.1875
0.505254 12.1978
0.505228 12.1978
0.505179 12.1963
0.505108 12.1963
0.505265 12.2066
0.505216 12.2066
0.505213 12.2096
0.505165 12.2066
0.505162 12.2111
0.505114 12.2096
0.50511 12.2125
0.505085 12.2111
0.505037 12.2111
0.504966 12.2096
0.504872 12.2067
0.504892 12.2096
0.50489 12.2125
0.504932 12.2169
0.504839 12.2155
0.504791 12.214
0.504811 12.2169
0.504808 12.2184
0.50476 12.2184
0.504735 12.2198
0.50471 12.2198
0.504707 12.2213
0.504704 12.2228
0.504589 12.2198
0.504587 12.2213
0.504607 12.2242
0.504559 12.2257
0.504534 12.2257
0.504509 12.2257
0.504574 12.2315
0.504504 12.23
0.504434 12.2257
0.50441 12.2286
0.504407 12.23
0.504404 12.233
0.504447 12.2388
0.504444 12.2402
0.504464 12.2431
0.504417 12.2417
0.504459 12.246
0.50439 12.2446
0.504365 12.246
0.504385 12.2504
0.504405 12.2547
0.504358 12.2533
0.504422 12.259
0.504375 12.2576
0.504284 12.2547
0.504259 12.2561
0.504346 12.2634
0.504232 12.2605
0.504119 12.2533
0.504117 12.2562
0.504093 12.2562
0.504112 12.2605
0.50411 12.2619
0.504219 12.272
0.504305 12.2792
0.50428 12.2821
0.504344 12.2878
0.504364 12.2907
0.504361 12.2921
0.504403 12.2979
0.504422 12.3007
0.50442 12.3036
0.504418 12.305
0.504393 12.3065
0.504325 12.3036
0.504366 12.3079
0.504342 12.3093
0.504296 12.3093
0.504293 12.3122
0.504225 12.3093
0.504289 12.3151
0.504286 12.3165
0.504262 12.3165
0.50426 12.3193
0.504279 12.3236
0.504342 12.3279
0.504449 12.3379
0.504556 12.3479
0.504575 12.3521
0.504725 12.3621
0.504766 12.3692
0.504872 12.3778
0.504957 12.3863
0.505062 12.3948
0.505081 12.3991
0.505209 12.4091
0.505249 12.4147
0.50529 12.419
0.505309 12.4233
0.505306 12.4247
0.505303 12.4275
0.505343 12.4303
0.505492 12.4431
0.505554 12.4502
0.505572 12.4544
0.505698 12.4643
0.505782 12.4714
0.505844 12.4785
0.505819 12.4799
0.505815 12.4813
0.505856 12.4869
0.505896 12.4912
0.505871 12.4926
0.505867 12.4968
0.505864 12.4982
0.505861 12.4982
0.505858 12.5011
0.505941 12.5081
0.506023 12.5165
0.506042 12.5194
0.506146 12.5292
0.506163 12.5334
0.506267 12.5419
0.506328 12.5489
0.506453 12.5587
0.506492 12.5629
0.506531 12.5671
0.506592 12.5741
0.506588 12.5769
0.506585 12.5783
0.506645 12.5868
0.506706 12.591
0.506745 12.5966
0.50689 12.6064
0.506907 12.6119
0.50701 12.6203
0.506964 12.6203
0.507087 12.6301
0.507211 12.6399
0.507313 12.6497
0.507288 12.6511
0.507241 12.6497
0.507217 12.6511
0.507255 12.6566
0.50723 12.6566
0.507121 12.6511
0.507138 12.6538
0.50724 12.6636
0.507278 12.6692
0.507337 12.6747
0.507523 12.6886
0.507583 12.6956
0.507621 12.7011
0.507638 12.7039
0.507697 12.7108
0.507735 12.715
0.507794 12.7219
0.507811 12.7247
0.507828 12.7289
0.507824 12.7302
0.507694 12.7247
0.50771 12.7289
0.507853 12.7385
0.50787 12.7427
0.507971 12.7524
0.50805 12.7593
0.508108 12.7648
0.508188 12.7731
0.508309 12.7841
0.50845 12.7938
0.508446 12.7979
0.508546 12.8062
0.508604 12.8131
0.50862 12.8145
0.508657 12.8213
0.508736 12.8282
0.508773 12.8337
0.508851 12.8406
0.508889 12.8447
0.508926 12.8502
0.509025 12.8598
0.509061 12.864
0.509119 12.8708
0.509218 12.8791
0.509234 12.8832
0.509332 12.8914
0.509389 12.8982
0.509468 12.9065
0.509504 12.9106
0.509519 12.9133
0.509535 12.9174
0.509592 12.9229
0.509649 12.9297
0.509747 12.9366
0.50968 12.9366
0.509758 12.9434
0.509794 12.9488
0.509727 12.9461
0.509804 12.9529
0.509799 12.957
0.509856 12.9625
0.509892 12.9666
0.509969 12.9734
0.510005 12.9788
0.509939 12.9775
0.510015 12.9843
0.509948 12.9843
0.509944 12.9856
0.51002 12.9924
0.510056 12.9965
0.510112 13.0019
0.510189 13.0101
0.510184 13.0128
0.510259 13.0196
0.510316 13.0263
0.510351 13.0304
0.510326 13.0318
0.510381 13.0372
0.510437 13.0426
0.510473 13.048
0.510508 13.0534
0.510543 13.0575
0.510578 13.0629
0.510675 13.071
0.51069 13.075
0.510724 13.0791
0.510759 13.0845
0.510795 13.0885
0.510789 13.0912
0.510885 13.0993
0.51098 13.1074
0.511036 13.1142
0.511051 13.1182
0.511024 13.1195
0.511039 13.1222
0.511094 13.129
0.511129 13.133
0.511183 13.1384
0.511218 13.1424
0.511152 13.1424
0.511147 13.1437
0.511221 13.1518
0.511256 13.1545
0.511311 13.1612
0.511265 13.1612
0.511299 13.1652
0.511354 13.1719
0.511308 13.1719
0.511343 13.1759
0.511396 13.1799
0.511431 13.1853
0.511445 13.1893
0.51148 13.1946
0.511514 13.2
0.511508 13.2013
0.511582 13.208
0.511597 13.212
0.51161 13.2147
0.511565 13.2147
0.511619 13.2213
0.511673 13.2267
0.511707 13.2306
0.511781 13.2386
0.511855 13.2453
0.511889 13.2506
0.511902 13.2533
0.511916 13.2559
0.51195 13.2612
0.511905 13.2612
0.511898 13.2626
0.511972 13.2705
0.512006 13.2745
0.51204 13.2798
0.512073 13.2838
0.512126 13.2904
0.51218 13.2957
0.512253 13.3037
0.512207 13.3037
0.512161 13.3024
0.512096 13.301
0.51211 13.3037
0.512222 13.3116
0.512295 13.3195
0.512309 13.3235
0.512382 13.3314
0.512434 13.3354
0.512507 13.3446
0.512501 13.3459
0.512495 13.3486
0.512586 13.3565
0.512659 13.3644
0.512692 13.3684
0.512588 13.3644
0.51266 13.3723
0.512673 13.3736
0.512667 13.3762
0.512661 13.3789
0.512791 13.3894
0.512805 13.3933
0.512897 13.4012
0.513008 13.4117
0.513098 13.4196
0.513209 13.4288
0.513281 13.4366
0.513294 13.4406
0.513248 13.438
0.513261 13.4445
0.513294 13.4471
0.513346 13.4537
0.51332 13.4537
0.513294 13.455
0.513346 13.4602
0.51334 13.4628
0.513391 13.4667
0.513501 13.4772
0.513436 13.4759
0.51343 13.4785
0.513384 13.4785
0.513436 13.4824
0.513507 13.4902
0.513598 13.4994
0.513552 13.4994
0.513603 13.5046
0.513597 13.5059
0.513668 13.5137
0.513776 13.5228
0.51377 13.5241
0.513802 13.5293
0.513873 13.5371
0.513865 13.5397
0.513859 13.541
0.513891 13.5449
0.513904 13.5488
0.513916 13.554
0.513948 13.5553
0.514018 13.563
0.514069 13.5695
0.5141 13.5734
0.51417 13.5799
0.514183 13.5838
0.514234 13.5902
0.514264 13.5954
0.514277 13.5993
0.514404 13.6083
0.514436 13.6135
0.514371 13.6122
0.51446 13.62
0.514491 13.6238
0.51437 13.6187
0.514343 13.62
0.514375 13.6225
0.514445 13.6303
0.514476 13.6354
0.514507 13.6406
0.5145 13.6406
0.514417 13.6393
0.514506 13.647
0.514517 13.6496
0.51451 13.6509
0.514523 13.6547
0.514573 13.6612
0.514641 13.6663
0.514672 13.674
0.514685 13.6753
0.514697 13.6791
0.514727 13.6817
0.514701 13.6843
0.514751 13.6894
0.514764 13.6932
0.514756 13.6945
0.514768 13.6983
0.514761 13.6996
0.514811 13.706
0.514728 13.7035
0.514778 13.7086
0.514752 13.7099
0.514859 13.7188
0.514832 13.7201
0.514901 13.7252
0.514894 13.7277
0.514981 13.7367
0.51503 13.7443
0.51506 13.7456
0.515072 13.7494
0.515103 13.7545
0.515189 13.7622
0.51522 13.7672
0.515213 13.7685
0.515243 13.7736
0.515273 13.7774
0.515266 13.78
0.515297 13.7838
0.515308 13.7876
0.515394 13.7939
0.515368 13.7965
0.51538 13.799
0.51541 13.8041
0.515477 13.8092
0.515489 13.8142
0.515463 13.8142
0.515549 13.8231
0.51556 13.8244
0.515572 13.8294
0.515565 13.8307
0.515632 13.8383
0.515698 13.8433
0.515673 13.8459
0.51574 13.8522
0.51577 13.8572
0.515799 13.8598
0.515866 13.8673
0.515952 13.8774
0.516 13.8825
0.515973 13.8812
0.515985 13.885
0.515996 13.8888
0.516007 13.8926
0.515962 13.8926
0.516029 13.8976
0.516003 13.8989
0.516107 13.9089
0.51608 13.9102
0.51611 13.9127
0.516121 13.9177
0.516114 13.919
0.516161 13.9253
0.516191 13.9278
0.516184 13.9303
0.516213 13.9353
0.516242 13.9403
0.516179 13.9391
0.516172 13.9391
0.51622 13.9453
0.516249 13.9503
0.516296 13.9554
0.516253 13.9541
0.516264 13.9579
0.51631 13.9629
0.516376 13.9691
0.516387 13.9729
0.516399 13.9766
0.516427 13.9804
0.516456 13.9841
0.516431 13.9853
0.516405 13.9866
0.516433 13.9916
0.516462 13.9941
0.516419 13.9941
0.516448 13.9991
0.516513 14.004
0.516524 14.0078
0.516498 14.009
0.516527 14.014
0.516573 14.019
0.516693 14.0289
0.516722 14.0339
0.516733 14.0376
0.516761 14.0414
0.516826 14.0476
0.516855 14.0525
0.516866 14.0563
0.516839 14.0563
0.516814 14.0563
0.516843 14.0625
0.516817 14.0625
0.516845 14.0662
0.51691 14.0748
0.516975 14.0798
0.517022 14.086
0.517013 14.0872
0.51697 14.086
0.516998 14.0909
0.517009 14.0946
0.516982 14.0946
0.517029 14.1008
0.51704 14.1033
0.51705 14.107
0.517114 14.1119
0.517142 14.1181
0.517117 14.1181
0.517092 14.1193
0.517047 14.1193
0.517076 14.1218
0.51714 14.1292
0.517097 14.1292
0.517106 14.1316
0.517206 14.1402
0.517252 14.1464
0.517299 14.1525
0.517344 14.1575
0.517354 14.1611
0.517382 14.1648
0.517357 14.166
0.517348 14.1685
0.517305 14.1685
0.517351 14.1722
0.51738 14.1771
0.517424 14.182
0.517488 14.1906
0.517481 14.1906
0.517562 14.1991
0.517518 14.1979
0.51751 14.2016
0.517539 14.204
0.517567 14.2089
0.517558 14.2114
0.517657 14.2187
0.517703 14.2248
0.517713 14.2285
0.517669 14.2272
0.517696 14.2309
0.517724 14.2358
0.51777 14.2419
0.517814 14.248
0.517807 14.2492
0.517852 14.2541
0.517827 14.2553
0.517942 14.2662
0.518005 14.2711
0.518032 14.2772
0.518025 14.2784
0.518104 14.2857
0.518061 14.2857
0.518141 14.2942
0.518169 14.2979
0.518107 14.2966
0.518117 14.2991
0.518127 14.3015
0.518155 14.3064
0.518163 14.3088
0.518208 14.3148
0.518218 14.3173
0.518281 14.3245
0.518272 14.327
0.518229 14.3257
0.518274 14.3306
0.518249 14.3318
0.51831 14.3366
0.51832 14.3403
0.518329 14.3439
0.518322 14.3463
0.518365 14.3511
0.518445 14.3584
0.518507 14.3656
0.518569 14.3729
0.51856 14.3741
0.51857 14.3777
0.518562 14.3789
0.518571 14.3825
0.518493 14.3789
0.51852 14.3825
0.518477 14.3837
0.518504 14.3873
0.518495 14.3897
0.51854 14.3945
0.518584 14.3994
0.518698 14.4102
0.518758 14.415
0.51875 14.4186
0.51876 14.421
0.518735 14.4222
0.518743 14.4258
0.518787 14.4294
0.518883 14.439
0.518875 14.4414
0.518935 14.4486
0.518962 14.4522
0.518972 14.4546
0.51905 14.4629
0.51911 14.4689
0.519154 14.4749
0.519129 14.4749
0.519138 14.4785
0.519198 14.4845
0.519207 14.4881
0.519216 14.4904
0.519157 14.4892
0.519268 14.4988
0.519294 14.5036
0.519286 14.506
0.519296 14.5083
0.519303 14.5107
0.519278 14.5119
0.519253 14.5119
0.519348 14.5215
0.519356 14.5238
0.519417 14.5298
0.519477 14.5369
0.519503 14.5417
0.519477 14.5417
0.519486 14.5453
0.519478 14.5464
0.519504 14.5512
0.519512 14.5536
0.519504 14.5559
0.519496 14.5571
0.519505 14.5607
0.519513 14.5619
0.519556 14.569
0.519548 14.5702
0.519523 14.5714
0.519531 14.5725
0.519523 14.5761
0.519498 14.5773
0.519473 14.5773
0.519447 14.5773
0.519422 14.5773
0.519431 14.5808
0.519423 14.5832
0.519397 14.582
0.519389 14.5844
0.519398 14.5879
0.519407 14.5915
0.519482 14.5974
0.519508 14.6021
0.519568 14.6092
0.519543 14.6103
0.519568 14.6127
0.51956 14.6162
0.519552 14.6174
0.519544 14.6198
0.519585 14.6245
0.519544 14.6245
0.519468 14.6209
0.519477 14.6245
0.519552 14.6315
0.519561 14.6351
0.51957 14.6374
0.519613 14.6433
0.519671 14.6491
0.519612 14.648
0.519605 14.6503
0.519613 14.6527
0.519638 14.6562
0.519663 14.6597
0.519656 14.662
0.519664 14.6656
0.519756 14.6738
0.519848 14.682
0.51984 14.6855
0.519966 14.696
0.519974 14.6972
0.519932 14.6983
0.519941 14.7007
0.519967 14.7054
0.519957 14.7065
0.520033 14.7135
0.520041 14.717
0.519983 14.7159
0.519991 14.7182
0.519999 14.7205
0.520025 14.7252
0.520067 14.731
0.520074 14.7334
0.520099 14.738
0.520108 14.7403
0.52015 14.7462
0.52019 14.752
0.520215 14.7555
0.520174 14.7555
0.520216 14.7601
0.520107 14.7566
0.520132 14.759
0.520157 14.7625
0.520116 14.7625
0.520173 14.7683
0.520182 14.7717
0.520157 14.7717
0.520232 14.7799
0.520305 14.7868
0.520363 14.7938
0.520273 14.7903
0.520347 14.7972
0.520338 14.7996
0.520363 14.8042
0.520322 14.8019
0.52033 14.8054
0.520337 14.8077
0.520296 14.8077
0.520338 14.8123
0.520379 14.8181
0.520386 14.8215
0.520345 14.8215
0.520403 14.8262
0.520411 14.8296
0.520418 14.8308
0.520443 14.8354
0.520468 14.84
