48228.6
45472.3
52723.8
52593.9
57075.2
53505.2
55524.2
52408.4
59522.8
52001.2
58332.7
46128.2
48156.6
41808.8
51886.2
47009.7
53972.5
45187.9
55596.6
45975.5
49122.1
62779.3
54162.4
43482.4
42650.2
48572.5
52429.4
56439
61653.3
46642.1
60701.8
56517.4
51953
57957.1
47826.4
50424.6
43494.9
43000.5
48133.8
45130.4
45778.8
54824
52245.7
57260.3
54707.3
42900.7
45776.3
44471.1
63202.8
38477.4
52714.2
33111.6
47245.2
47502.2
52937.5
35753.2
40940.9
57473.8
48353
55593
54844.4
46043.1
51334.2
59276.4
47909.1
51410.2
55808.4
57451
55848.3
55742.8
52074.4
42659.2
50896.1
50218.4
47758.5
47479
52874.2
59842.3
46143.2
44361.3
58550.3
42074.4
55407.3
47564.1
46174.8
61372.3
43630.5
55068.2
47688.8
51627.6
46211.6
43979
45946.1
48552.8
43376.7
30907.6
50180.5
43121.1
54470.9
36132.2
49679.6
53264.3
40701.2
47448.8
48336.6
53945.9
41002.7
58634.1
51159.2
47624
40680.9
43091.2
40647.9
45032
41673
50324.5
51386.6
50160.6
42493.5
43340.2
53562.8
39578.1
54919.4
46525.4
54911.9
50501.7
48711
48125.6
47672.4
44866.8
53434
48758.8
47685.5
39736.4
47710.5
55746
56419
59358.8
49044.2
41554.7
46060.7
57859
52540.8
46447.9
56514.2
47116.9
47826.9
47959.4
59667.7
54330.6
47767.1
39544.6
50590.5
59716.5
47162.9
46204.9
51877.4
49810.1
49659
45952.5
56964.6
45862.8
48259.9
58677.6
42676.8
45354.4
41378.3
46521
53995.3
39068.9
41409.6
47528.4
46052.9
47983.8
54774.4
42935.3
42263.5
40442.4
36928.7
30946.9
38067
34874.1
34041.2
35243
32956.8
36338.2
42144.4
38957.6
33748.1
36365.7
28708.9
36342.2
40743
30282.7
32569.8
26833.9
29901.8
38398.7
30469.1
29688
28801
33341.7
34798.7
25623.2
32246.2
29957.4
28906.3
30952.6
22946.6
22749.4
29538.8
27126.9
21590.7
21271.9
28988.2
29013.1
25998.4
22976.6
26990.1
24437.8
27014.5
26473.9
25484.8
28551.6
22494.7
28058.5
24887.8
24655.2
34377
27019.5
30124.3
27244.8
21485.3
22346
20225
20532.5
29731.4
25768
24261.7
21908.6
24501.9
22372.5
25340.8
24016.4
25615.9
24921.9
25800.3
20353.1
26151.2
23437
28263.5
21704.6
21536.8
28821.5
26811.2
21979
24645.3
27593.9
24499.8
19924.2
20505
29959.8
27781.8
26964.1
23769
22185.7
22739.8
22967
27804.3
23790.5
29097.9
24468.2
26996.3
31659.1
23071.4
23498.8
24606.9
21738
27716
27273.8
19601.1
22556
28070.7
21663.1
20873.8
21565.4
18342.4
24653.1
21088.7
17627
22087.8
24205.5
21522.4
21750.1
32260.8
29132.6
19640.7
26602.3
26024.8
21361.3
26127.6
21019.1
20763.5
23585.7
23026.8
25612.7
23628.6
23618.9
22036.5
26127.5
22738.1
22595.7
29177.3
21472.5
21266.8
20994.7
25961.4
24233.9
28031.2
29004.3
22530.4
22124.7
29131.8
26754.5
24028.5
27461.6
18612.1
22582
21247.8
25674.6
17371.7
22512.2
21536
24678
26271.3
21604
26259.8
23724.9
22846.7
23285.8
20841.2
21192
31667.5
27322.8
29046.2
32764.3
27510.3
20326.5
26451
23202.7
24093.4
24301.4
22534.1
21217
25711.8
26762.1
20727.1
22853.1
29125.9
27310.3
21195
25299.2
20323
19755.2
21919.8
31641
25118.2
22338.3
27263.8
23183.2
20822.6
21384.7
27916
23388.7
26106.5
25586.1
21020.2
23234.3
26110.7
29182
26360.1
21741.1
23270.9
22917.3
23865.9
24434.3
20392.2
24518.5
21346.2
20845.2
20626.8
24319.2
22343.3
22127.3
26370.7
29547.9
23779.4
27251.1
27224.4
27113.5
25764.4
23961.4
23040.8
24142.4
18447.8
25372.4
23601.2
23048.3
24121.9
21063.3
20464.3
17990.8
23097.8
25231.8
21330.1
22455.6
29261.5
22513.5
26966.5
32927.6
21797.1
22702.7
25906.3
24854.5
21013.5
29968.4
26838.6
25467.9
29323.5
22904.2
22456.7
28284.7
23140.6
22204.5
26330.7
28316.5
26147.3
24580.6
21895.2
19803.6
20208.7
21575.5
20183.9
22943.6
20019.6
27377
21560.9
16980.3
20457.9
17532
16709.2
15614.4
16593.1
21342.6
20121.4
17809
15257.8
14961
18029
19621.6
17005.7
12640.5
14106.5
14173.9
14612.6
13455.4
14212.4
14749.1
15319.4
13199
17323.7
14916.1
16791.1
16968.6
13443.7
13611.4
15432.3
14468.5
15541.4
15102.9
13710.8
17651.2
16639.2
16357.5
13630.8
15527.7
13065.8
11920.1
10872.6
12383.9
11747.6
10348.1
11542.6
12497.6
14307.1
13297.3
11832.4
14899.4
12372.2
11861.6
12585.7
11321.8
12754.6
10204.2
14853
12547.2
11469
11606.4
11109.6
11781.5
11238.7
11059.8
10563.8
10116.3
10729.4
8644.39
10525.1
10307.9
10006.5
10208.6
12269.2
14363.1
10877.4
11363.5
8304.16
13263.1
12813
10369.8
9953.53
11427
10592.4
10551.2
10860.8
10617.4
11932.3
10738.2
12191.7
10686.7
10247.3
8147.27
9894.76
9571.31
9361.49
9111.44
10454.2
8948.31
9838.76
10899
7692.59
8683.05
8727.7
9280.94
8835.82
8811.68
10115.9
10077.1
8773.99
9596.41
9780.99
10192.6
10214.2
10451.1
10832.7
9970.05
9475.27
8570.96
9541.36
10826
10552.4
8688.77
12849
10382.6
9115.82
7065.55
10581.3
8695.76
12840.9
8611.06
9463.62
8992.8
13310.2
8838.11
8503.1
10145.7
10341
8033.45
9223.52
8617.59
12009.5
10933.7
11169.5
7144.89
9512.36
9776.88
9832.77
7628.96
8602.04
8308.5
9875.65
8796.38
11282.1
8035.39
10626.4
10326.2
9030.69
11093.8
8544.8
8825.25
11123.6
10275.8
8301.95
7639.32
7994.08
8732.38
8614.52
7653.9
7945.45
8979.75
8225.48
8505.08
9382.28
9996.81
7924.71
9355.45
8974.26
10104.9
10078.1
8049.4
9235.88
10327.4
9615.93
8977.02
7655.19
8564.2
7820.02
8672.69
7819.41
11264.4
8726.32
8751.37
10441.7
9856.72
9693.31
9900.23
9843.29
9780.57
9917.35
9762.13
8763.72
8977.78
8827.04
9588
7911.6
8849.19
8181.82
9964.77
9220.86
8858.47
9444.19
7013.78
9293.71
10740.2
9216.44
10125.3
9493.69
8837.44
10405.6
11734.4
9045.19
8946.39
8446.23
9689.11
9944.91
7912.02
9942.91
9240.21
9581.25
9088.49
9857.61
8938.76
8036.09
8797.81
9128.49
9816.63
10241.6
7220.28
7048.74
10228.5
8044.13
9192.11
7647.83
10522.2
8647.85
8098.57
10452.5
10730.2
9079.15
9326.79
8946.33
9894.06
8389.98
8950.98
7395.98
8866.53
7735.44
11028.8
8385.96
9389.45
9501.23
9305.12
9265.22
9888.17
8961.88
9414.38
7833.37
9111.86
10424.2
11185.5
9015.31
9794.11
8401.79
7589.76
9045.11
8262.96
6475.3
10173
8407.16
6980.97
10714.3
11355.3
7424.04
9747.64
8900.48
8258.32
10291.7
8024.44
7965.16
7819.35
9883.95
8989.58
8042.28
10099.4
9235.48
10296.3
9198.64
8614.1
8323.39
7835.5
10757
8859.95
8815.71
9218.48
7798.44
8988.7
9056.53
11474.2
9939.15
8976.61
8813.39
10293.6
10956.5
7955.55
6448.39
8085.99
7645.55
9219.89
8544.36
7480.5
8534.16
9813.9
10489
8080.86
8836.04
7809.95
9354.98
8656.49
8925.32
6538.76
9037.09
7592.72
8538.66
9551.31
8516.99
9030.47
8933.34
9463.28
9000.1
7967.44
8747.9
7817.34
9581.33
8036.02
8490.58
9145.69
7393.13
10482.5
7261.06
10413.2
7255.28
10523.5
7688.69
8526.4
11705.8
11050.5
8816.51
12317.6
8329.84
10710.5
10611.8
6848.95
9948.49
8732.93
9754.95
8259.75
10705.4
8337.47
10204.7
10750.8
9952.55
10057.4
12143.4
10607.3
10268.8
9171.76
8769.45
10359.1
9092.81
8909.57
8542.21
8970.77
9215.61
12348.7
9764
8636.62
10215.7
9903.46
8773.19
11223.5
12227.2
9993.62
8399.76
11417.4
12714.7
8147.3
9188.56
8732.13
10614.2
10198.4
8246.77
10663.1
13081.5
11701.3
8476.46
9547.48
8196.26
9313.33
9889.26
9387.23
12829.9
10844.2
9209.54
9170.32
7803.17
8368.37
8809.62
9809.41
7862.07
11564.4
9333.44
9488.2
12355.1
9266.03
9554.38
12581.6
9716.6
8339.98
8093.91
9295.4
10286.4
11168.6
8955.21
8367.68
7482.96
9334.97
13470.5
8823.03
9808.57
11539.7
11945
9483.71
8768.24
7188.54
9211.27
9619.31
8133.65
8606.35
8220.37
9332.54
10359.8
10622.2
7152.56
11049.5
10994.1
9459.66
8370.58
7734.47
9122.14
9383.38
9485.1
8597.28
9414.29
9215.73
7441.22
10319.2
7559.6
7302.21
9480.27
7648.63
9272.93
10113
8122.92
9059.44
11040.1
9467.88
9296.73
9266.78
10838.7
7899.6
10646.4
10877.8
8901.24
9934.56
8180.84
9190.7
10982.9
8763.23
8686.2
9214.71
10985.7
7673.91
8366.73
8045.78
9162.15
9199.15
10397.1
9716.85
11097.6
9105.34
9262.7
10885
8621.24
7442.28
8809.82
12167.6
12211.9
8248.46
10293.1
9270.31
7924.42
7707.8
7922.78
9596.87
9366.32
9203.82
9489.62
10588.5
9882.33
11374.3
9616.45
13946.3
9520.57
8209.37
9064.74
9352.36
9796.01
9439.26
8135.34
9326.62
10253
11823
6726.48
8831.79
11577.2
8931.48
11693.3
8042.33
9994.87
8705.88
10046.2
9120.6
8585.5
7696.34
9672.65
9405.38
8902.81
10891.7
9772.41
8213.86
10001.2
9612.34
9709.06
11407
9264.09
8436.35
7696.65
9021.97
10798
9029.18
7382.69
10352.1
6310.76
10503.4
8142.6
12013.4
8713.46
11581.5
8539.88
8925.22
9660.97
8653.88
11540.6
8849.75
9500.08
10954.1
9923.53
10409.9
9610.95
9735.53
7751.66
8908.47
8266.49
8883.64
9539.57
8554.09
7041.38
10877
9561.14
10036.3
10643.4
10521.7
8494.71
9676.33
11226.9
10100
7820.66
9803.15
7784.36
8916
9233.5
8829.97
11981
9844
8023.88
9438.01
9818.05
11206.4
9877.71
10151
11422
7669.99
8130.8
9929.09
9568.93
9244.35
8616.86
9678.41
8411.42
9225.79
8861.87
9587.78
7740.07
10170.4
11947.3
7722.17
7434.41
9671.29
6339.93
9995.36
8371.77
9863.62
7981
8521.8
10976.9
9308.07
7676.65
9134.47
8380.8
8355.47
9549.15
10057.4
10746.8
9961.71
9846.63
9955.75
10048.1
8983.6
8812.42
8353.37
10211.2
9419.03
8746.2
8382.61
10951.4
12758.8
8830.42
8542.39
9246.07
9277.09
8430.51
10783.4
9036.37
8723.75
8355.61
11034.7
9408.48
8252.77
8592.58
8756.16
7911.05
9103.69
9144.38
9423.44
9525.14
8767.12
9534.45
9937.07
8312.11
9175.42
10046.6
7688.17
10046.5
9446.47
7842.67
7405.93
7546.83
11103.1
8210.67
9269.8
8594.27
9124.97
9053.44
8106.87
10164.2
9889.53
9768.11
10032.1
11360.2
9220.96
8411.55
8135.53
11360.2
7503.87
8516.46
9259.07
9066.07
9452.2
6633.3
9073.16
11021.6
8068.24
9998.47
11654.2
9603.85
6876.89
9846.04
8964.43
8579.02
8228.67
10778.2
7868.27
9138.82
10513.9
10283.4
8515.74
7087.77
8945.91
10169.4
10028.7
7784.48
8551.91
8976.88
8874.34
11080.1
9398.15
7283.03
9654.45
8508.52
7762.2
9461.79
6274.81
9121.83
7596.41
7239.51
6675.87
6228.26
6949.85
6650.81
9115.15
5404
7081.85
7373.54
6759.35
7027.82
6393.68
5469.76
4994.53
7624.32
7088.31
5834.91
6900.23
7759.88
5893.83
7137.43
5775.46
6321.15
5155.91
4884.36
5902.84
7468.34
5302.64
5988.08
6713.31
6106.16
5577.44
5608.27
5392.43
6699.19
6119.75
6115.23
6577.85
6315.12
4635.22
6447.17
6281
4646.38
5446.42
6546.2
5537.21
6104.57
5905.42
6417.22
4940.57
4586.77
5193.94
5842.21
5588.36
5240.1
5624.1
5657.02
5456.66
5868.81
5324.48
5599.73
5378.72
6011.41
6827.94
4235.01
6168.18
5974.13
5320.17
4467.63
3464.02
5532.22
3802.4
4620.25
6135
5074.59
4762.96
4340.82
4645.26
4968.13
4905.77
4546.09
4301.83
4706.71
4165.8
5359.64
4801.49
4536.88
3952.99
4224.61
5510.39
5416.66
4403.91
4787.56
4676.03
4526.89
6336.03
4986.54
4104.15
4652.43
5018.12
3795.63
3952.29
4409.88
4168.58
4953.2
4667.06
5376.75
5526.04
5449.48
4200.99
4873.78
4890.89
5140.36
4135.02
5772.99
5451.19
4912.37
4120.47
4205.74
4778.81
4454.35
4773.5
4561.56
4752.5
5466.09
4478.58
5260.17
5029.12
4171.5
3636.92
4406.94
3841.44
4386.61
5067.94
4270.9
3928.99
4427.56
4984.2
4415.77
5688.09
4676.09
4258.46
4494.47
4703.86
3359.85
4636.38
4373.48
3891.79
4470.99
5396.39
4303.13
4127.89
4967.32
6261.16
3541
5263.99
5552.41
4335.72
5244.77
5694.07
4975.51
5322.64
3864.03
3958.14
4974.32
5288.7
4396.53
5255.1
4661.18
6156.65
5688.35
3522.53
4843.48
3708.55
4819.04
3483.71
3780.6
4588.08
4317.97
4503.36
4747.76
4150.72
3516.86
4091.8
4508.38
3814.03
3479.44
3058.43
3046
3180.18
3699.02
3459.48
3285.88
2938.63
2639.03
3055.15
3750.23
3244.17
3230.4
3405.79
3452.64
3127.04
3587.85
3358.66
3037.92
3423.33
2962.75
3844.62
3097.76
3558.62
3142.5
3317.22
3425.98
3408.74
4052.12
2635.42
3351.1
3345.69
2993.86
3391.18
2704.57
3238.87
3491.83
3181.87
3113.65
3176.5
3314.95
3014.37
2793.54
3021.24
3170.96
3467.83
2871.89
3225.98
4336.07
3739.1
4535.62
3483.78
2681.09
2921.07
3056.47
3421.61
3304.52
2334.52
3070.25
3660.46
3337.19
3854.46
3468.9
2912.29
3275.31
3292.59
3799.95
3487.72
3329.31
3160.88
3374.81
3328.95
3205.07
3378.3
3688.1
2845.08
2750.97
2631.54
2712.47
2890.89
2853.02
3066.94
3068.01
3572.82
3428.13
3469.45
4103.13
2702.31
3989.07
3073.81
3651.77
3294.53
3158.31
3615.19
3326.29
2550.86
3018.69
3348.13
2763.43
2869.08
3748.74
2979.02
2810.12
4030.6
3687.64
3573.06
3585.27
3242.89
3923.95
3143.98
2983.73
3202.09
3241.67
3584.97
2693.91
3874.04
3251.87
2994.27
3416.36
3013.74
2841.07
3292.44
3569.38
3498.84
2851.51
3727.64
2730.76
3848.97
3219.14
2834.91
2744.71
3193.72
3024.92
4024.05
3471.43
3961.27
2954.17
2769.6
3265.49
3159.01
4195.11
2974.67
4288.83
3379.26
2840.76
3073.59
2783.07
3393.78
2974.97
2893.19
2694.34
3688.03
3856.5
2875.87
3604.42
3159.42
3054.59
3269.89
3355.83
4230.76
3228.95
3749.04
2801.32
4093.8
4027.44
3465.8
2362.9
2801.79
2342.62
3133.29
3599.65
3122.03
3881.78
2674.5
3780.63
3498.77
3072.17
3202.66
3002.76
2784.23
2898.84
3551.79
3089.72
4214.85
2976.82
2543.8
3921.09
3453.6
3090.09
3462.63
2872.25
3552.75
3464.07
3374.96
2793.53
3992.61
3624.31
3304.87
3537.11
2677.92
3087.65
2602.62
2869.69
3426.72
2943.82
3110.61
3629.79
3780.92
2979.72
4011.56
3957.93
4030.94
3698.34
4797.77
3406.76
5010.92
3554.94
3778.26
3019.57
2491.33
3487.49
4192.42
3454.83
2443.72
2823.09
3025.51
3327.31
3780.53
4229.13
3704.33
3528.55
3636.84
3850.33
3493.43
2959.49
3299.76
3970.48
3254.81
3319.45
3121.08
3229.08
2995.8
2992.76
3231.2
3318.97
4082.29
4368
3224.45
3289.95
3615.98
3205.05
3313.95
2525.6
3751.8
3668.09
3500.34
2819.36
3486.23
3424.09
3315
3107.28
3390.53
3139.47
3647.3
3995.58
3224.23
2556.7
3234.51
3120.32
3404.33
3486.87
3599.81
3054.39
2591.95
3604.98
3885.18
3331.92
3179.75
3626.84
3224.93
2995.87
3332.9
3515.71
3413.19
3734.14
3277.99
3297.59
3182.56
3157.39
3370.62
3275.4
3002.86
3446.41
3538.08
3593.99
4224.32
3733.2
4308.55
3181.91
3190.18
3279.71
3685.09
3345.87
4329.44
4657.69
3444.55
3937.01
2994.29
4186.66
3290.1
3288.52
3909.69
3003.48
2709.42
3914.78
3162.21
3443.72
2809.87
3524.63
3465.32
3355.54
2969.6
3851.16
3642.98
2462.32
4326.67
3399.12
2480.01
3610.11
3180.19
2995.28
2960.54
3780.47
3290.25
2903.01
3314.6
3512.29
3601.26
3079.79
2984.34
3255.18
3692.23
3193.01
2706.28
2971.82
3879.04
3387.73
2814.29
2828.86
3491.5
3647.16
2733.8
2731.59
3433.21
3812.14
4089.71
3197.27
3167.92
3621.75
3282.03
3339.56
2924.08
3028.82
2760.91
3418.17
3180.83
3402.85
4298.28
3711.81
3458.18
4178.61
2791.74
3984.15
4705.48
3515.56
2817.2
3970.48
3708.42
3400.92
3585.98
3090.72
3812.79
3805.11
4086.71
3603.91
4159.21
2865.87
3179.77
4405.54
3538.51
3237.37
4337.19
2942.21
2849.64
3467.49
3286.46
3282.45
3271.1
3020.8
3367.81
2648.33
3318.75
3078.69
3491.08
3200.44
3120.31
2347.25
2808.78
3164.08
3659.08
3467.16
2763.21
3730.73
3963.96
2621
2997.32
4032.3
3078.66
2691.6
3270
3567.68
3790.34
3310.09
3051.72
3093.54
3189.98
2848.79
3778.66
5331.05
3588.54
3041
4171.93
3456.11
2273.93
2801.87
3122.22
3340.73
3717.71
3065.53
3675.16
3100.12
3125.01
3494.75
2947.67
2924.38
4078.61
2906.02
3398.87
3992.7
3243.69
2729.94
3649.58
3862.02
3351.61
3239.26
3138.74
2992.03
3706.76
3615.69
3347.33
3410.43
2681.1
3300.2
2808.69
3184.46
2796.82
3387.4
3044.46
3578.76
3512.11
3108.97
3355.13
4444.17
2821.85
3942.28
3585.96
3193.51
3623.05
2887.54
3055.3
2819.5
3075.56
3898.03
3377.82
3121.02
2946.3
3631.37
3747.32
2967.1
3811.55
3508.49
3228.18
3641.07
3071.36
3177.14
3262.49
2968.75
3122.69
3156.71
3214.59
3421.71
3029.45
2808.82
2794.47
2687.06
2353.83
3069.3
3272.73
3047.38
4194.27
3977.7
3335.61
3167.79
3480.37
3659.8
3835.98
3327.07
3616.24
3840.95
2607.45
2984.47
3913.73
3343.87
3088.16
3682.56
3590.47
3520.22
3165.07
3291.59
2456.54
3044.54
2649.23
3192.26
3051.31
2947.97
3976.6
2449.1
2923.57
3179.29
3224.02
3477.93
3686.03
2971.47
3216.33
2672.14
3463.7
3225.98
3349.88
2668.15
3167.81
3002.78
3799.91
2800.39
2545.12
2940.7
3714.17
2442.66
3045.17
3658.67
4034.44
2847.96
3678.82
2688.13
3449.1
3459.43
3507.95
3242.23
3507.65
3093.34
3270.73
3343.74
3722.51
2892.39
3149.26
3130.41
4642.06
2942.98
3059.68
3129.79
3580.59
2995.35
4473.44
3353.11
3304.78
3583.33
3217.79
3967.5
3831.14
4129
4271.86
3563.43
2897.56
3315.37
3509.17
3153.74
2818.87
3144.49
4073.93
3599.15
3690
3383.99
3412.23
3344.88
2860.69
3373.05
3273.68
3744.67
3610.7
3073.36
2789.05
3244.3
3559.29
3555.64
2997.55
3411.4
3161.6
3240.53
2832.97
2876.93
2386.89
3556.9
3227.68
3433.24
3695.38
3782.14
2799.14
2954.42
3265.21
3684.19
3593.03
2748.1
2685.36
3847.25
2926.77
3892.36
4099.11
4717.3
3682.01
3531.18
3375.16
3509.74
3052.37
3697.68
2860.39
2913.08
3089.29
3146.05
3100.85
3334.77
3175.43
2880.43
3503.93
3509.43
3403.65
4064.4
3559.83
2997.37
3035.95
3104.07
3367
3018.98
2795.29
3519.55
3793.25
3071.62
2838.87
2611.62
2979.89
3212.21
3363.68
3076.39
3308.97
4058.46
2934.07
3463.23
3368.16
2849.68
3173.79
4245.31
2768.41
3566.11
3950.75
3392.23
3229.96
3379.41
3578.67
3229.25
3658.9
2820.62
3285.21
3857.37
3622.37
3354.05
4218.43
3449.87
3382.15
4044.62
3292.19
2931.21
2938.1
3507.5
3440.09
3089.37
4013.68
3833.48
3902.09
3112.89
2575.22
3547.95
3356.95
3083.2
3110.24
3072.37
2701.7
2948.63
2547.36
3873.11
3700.41
3893.32
3519.03
4031.96
2959.5
2873.68
3248.98
3255.51
4104.63
3082.55
3796.95
2829.46
2939.9
2701.78
3051.18
2806.49
3966.41
3432.22
4685.07
3528.49
3485.71
2922.85
3478.03
3654.65
2822.64
3348.77
3251.64
4255.23
3590.19
3920.53
3343.63
3430.61
3111.69
2424.3
3337.36
3101.43
3208.65
2835.71
3350.45
2818.65
3298.27
2538.87
3083.36
3077.22
2571
3647.2
3286
4381.94
3014.03
3865.99
3132.71
3275.2
2746.43
3499.76
3312.45
3712.91
3103.29
3314.74
2969.95
3282.24
3200.21
3031.13
3278.35
3258.11
3325.12
3132.16
3358.11
3850.51
3513.42
3125.18
3483.83
3104.87
3307.19
3328.21
3617.87
3569.36
3395.83
2989.4
3056.92
4802.99
2747.26
3215.24
3465.6
3835.11
3694.34
3067.53
3560.09
3460.49
3378.12
2746.04
3138.11
3422.06
3671.64
3694.99
2986.35
3166.22
4024.85
3440.5
3376.58
3666.45
3869.75
3079.29
4265.35
3450.8
3320.8
3032.42
3445.76
2905.34
3462.11
3373.79
3794.28
3771.74
3572.36
3190.38
2608.51
3032.13
3330.34
3141.22
2380.36
3116.81
3124.58
3138.32
3642.01
3020.76
2872.24
3443.34
2729.71
2990.04
3046.85
3228.53
3256.75
3747
2857.39
3312.04
3104.92
3856.28
2840.25
3321.02
3298.43
3693.57
3722.87
3580.18
3156.65
3175.15
2904.52
3487.57
3431.44
3506.31
3402.36
2859.41
2870.76
3255.49
3037.17
3328.49
3697.98
3844.52
2929.21
3440.48
3470.04
2964.62
2925.58
2860.07
3053.23
3415.86
3467.79
3897.25
3070.63
3206.57
3069.16
3423.66
3012.62
2898.87
2650.61
4115.49
3036.64
3318.45
3238.26
2888.9
3104.16
3844.52
3789.08
3525.33
3103.63
3244.99
2953.34
3425.68
2466.36
3244.69
2661.67
4110.21
3047.98
3527.45
4342.27
3383.98
4279.32
3617.86
3136.42
3155.85
3166.52
3092.28
2678.04
3481.94
3536.52
3781.85
3354.28
3172.72
3334.57
3679.35
3206.09
3174.75
3177.98
3306.26
3617.21
3458.11
3170.88
3038.64
2886.21
3268.73
3156.51
3446.59
3321.88
3515.81
3553.99
3471.54
3728.85
3384.39
2680.54
3149.13
3828.83
2845.46
3368.61
4280.53
3364.54
3183.56
3615.61
3032.81
3509.29
3234.01
4478.02
3957.16
3748.82
3108.2
2664.83
3804.07
4090.89
3258.64
2807.78
2903.88
3652.2
3431.19
3813.52
3522.8
3447.11
3080.12
2789.9
2979.98
2724.84
4073.43
2869.37
3657.27
3433.74
3239.8
3683.6
3236.56
2880.52
3280.1
3273.62
3404.53
3309.68
3611.21
3068.15
3070.01
3720.8
3188.15
3257.75
3646.1
3203.13
4085.76
3092.38
2857.65
3829.34
3766.25
3026.7
3639.12
3388.39
2599.75
3403.8
4183.72
3481.74
3983.54
2997.33
3453.71
3077.85
3887.98
3392.35
3017.49
3253.47
2721.32
3456.44
3168.29
3511.66
3587.91
3100.34
3944.44
3545.36
3122.24
3360.71
4206.27
2846.84
3492.34
3073.38
3733.11
3816.87
3527.54
3140.91
3291.17
3857.05
3295.62
3750.29
3128.45
3453.16
3238.03
3552.35
3574.26
3112.7
3477.11
3030.83
2825.54
2633.64
3047.35
3350.69
2964.51
2535.66
3290.02
2959.07
2858.95
3032.85
3603.98
3254.91
3574.9
3414.8
2764.02
3142.92
3036.26
2963.26
3288.31
3404.41
2969.73
3436.87
3230.22
2590.26
2991.13
3774.47
3031.65
4233.24
2614.73
3394.37
4628.74
2966.39
2903.77
3364.74
3269.99
3541.5
3113.94
3238.47
3834.17
3394.55
3746.81
2891.26
3212.84
2709.6
3290.34
4060.23
3006.96
3717.37
3012.68
3043.94
3905.63
3532.53
2613.77
3138.78
3771.9
3560.13
3359.56
3057.48
2883.6
3660.54
3096.42
2887.11
2799.12
3419.37
3953.83
3460.7
3272.71
3316.59
3110.4
3257.03
2503.81
4299.92
3663.97
3430.84
3110.89
3107.27
3680.73
3981.47
3912.09
2851.31
2782.75
3292.97
3096.96
3465.84
3007.49
2752.2
3544.67
3485.68
3114.29
2878.12
2592.61
3011.89
2558.97
2961.29
2883.58
2678.72
3752.87
3324.79
3303.83
3206.82
3335.95
3018.09
2899.95
3758.11
3086.37
3164.71
3051.18
2953.17
4220.75
3508.46
2741.81
3028.04
3417.9
3151.24
2915.79
3680.58
3511.82
3414.62
3187.46
3894.32
3289.51
2843.25
3230.49
3316.82
3656.84
3145.73
3558.86
3731.29
3513.66
3760.2
3682.25
2813.11
3169.88
2977.82
3249.94
3192.68
3914.02
3383.51
3338.89
3187.7
3029.6
2905.54
3323.83
3477.92
3401.53
3032.3
3358.13
4040.71
3514.68
4249.07
3641.04
3760.17
3539.09
3716.55
3501.06
3978.27
2950.53
3204.18
2988.71
4253.69
2727.28
3752.61
3025.88
3004.6
3320.88
3621.41
3798.75
3456.36
3610.98
3096.96
3486.21
3198.55
3009.71
2819.79
2633.86
3978.98
3384.4
4112.74
3167.46
3221.48
3289.15
4511.16
3022.28
3930.25
3846.1
2647.47
3118.89
2664.57
3580.9
3729.74
3006.81
3674.19
3091.19
2894.08
3807.74
3205.83
3460.55
2973.45
3567.13
3119.73
2885.54
3438.02
2917.83
2473.37
2584.63
3194.44
2688.84
3807.39
2636.58
3540.27
3541.5
2926.17
3040.08
2877.06
3489.72
2685.13
2795.27
3950.1
3290.15
3980.55
3037.05
3033.72
2963.28
3376.48
3433.12
3383.65
3332.71
3302.33
3365.31
3328.82
3732.73
3371.18
3316.74
3240.07
3387.55
3894.66
3035.95
3041.94
2630.64
3232.73
2789.78
4597.16
3971.91
3602.49
2944.48
3262.18
3378.7
3473.29
3494.4
3861.27
2884.67
3305.71
3557.65
2941.13
4508.7
3301.97
3850.91
4814.59
4208.87
4421.43
2817.17
3669.59
2988.93
3816.53
2795.69
3676.49
3760.07
3052.64
3275.99
4159.11
3038.77
4241.08
4626.09
3053.69
3905.76
3381.65
3029.99
3785.84
3392.71
3445.63
3091.83
3535.29
3901.96
3609.34
4699.17
3282.81
3307.48
3075.5
3683.71
3272.58
3704.29
2909.22
3234.55
2578.76
2776.13
2117.08
2523.97
2295.61
2049.79
2439.77
2846.67
1962.26
2370.26
2243.95
2505.26
2532.55
1725.01
2253.44
1590.52
2102.01
2047.39
2435.04
2872.73
2600.21
2292.74
2213.21
1929.44
2443.64
2585.89
2639.39
2351.38
2179.03
2317.93
2012.58
1832.43
1941.48
1863.93
2431.21
2056.48
2345.28
1863.35
1964.57
2596.83
2184.41
2203.1
2362.53
2188.54
2428.41
1763.25
2054.03
2398.23
1785.33
2702.12
2527.09
2038.88
2321.96
2219.36
3467.83
2766.67
2165.08
2508.81
2746.99
2453.73
2312.7
2350.53
2349.91
2294.64
2216.6
1856.86
2421.83
2177.98
2246.88
2046.9
2018.74
1604.76
1866.19
2576.25
3033.7
2421.16
2813.01
2152.63
2539.94
1883.89
2573.54
2596.84
2132.93
2040.33
2481.94
1873.04
2090.06
2205.7
2071.13
2359.9
2390.19
2255.2
2836.88
2428.57
1886
2327.39
2502.59
2253.59
2504.74
2739.57
2344.21
2318.3
2151.8
2245.82
2513.07
2161.06
2290.97
1853.74
1728.24
2792.24
2358.34
2203.27
2591.46
2282.31
2390.47
1959.73
2641.39
2659.88
2121.5
2329.1
3037.8
2460.29
2461.64
2587.41
1935.8
2125.15
2019.4
1926.96
2182.85
2092.76
2109.62
2218.43
2845.81
2361.31
1954.25
1981.58
2047.65
2242.78
2035.78
2508.22
3060.52
2341.1
2445.59
2144.95
2340.84
2625.53
2328.22
2304.65
2047.73
1732.49
2519.35
2241.67
2211.2
1703.95
2346.06
2508.2
2638.49
2372.37
2245.5
2331.65
1906.22
2533.36
2148.49
2471.13
2013.56
2244.67
1985.21
2464.6
2444.56
2299.91
2317.38
2262.56
2538.05
2801.53
2295.62
2216.62
2538.21
2569.79
1920.5
2375.08
2102.42
2646.56
1934.6
2106.96
2539.46
2690.62
1901.14
2991.44
1928.74
1929.78
2204.07
2076.04
2601.09
2203.92
2236.59
2137.99
2829.66
2180.78
2382.41
1878.99
1994.06
2357.37
2237.01
2599.69
2144.57
2340.79
3085.65
2084.71
2288.08
2282.38
2224.43
2327.05
1847.18
2082.81
2657.83
2134.74
2421.6
2334.63
1996.36
2994.4
2568.89
2010.3
1777.51
2028.62
1972.02
2142.57
2112.29
1779.54
2150.74
2174.5
1797.98
1851.69
2322.91
2603.16
2002.84
2639.14
2488.62
2414.99
1757.22
2027.68
1687.04
2074.85
2358.21
2324.54
2382.97
2788.47
2061.56
2240.19
2962.1
2105.54
1929.66
2561.9
2772.6
1815.61
3110.6
2262.53
2190.27
3629.99
2306.46
2555.35
2493.58
2237.67
2394.8
2463.07
2224.21
1899.45
2445.73
2451.24
2330.95
2561.74
2288.99
2322.46
2049.35
2357.52
2377.93
2171.97
3295.34
2497.45
2740.46
2471.41
2031.67
1766.59
1817.08
1758.4
2208.38
1835.05
2086.65
2100.83
1987.15
2267.14
2403.64
2596.12
2467.59
2163.48
2634.5
1985.53
2184.42
2022.86
2401.42
2306.93
3055.67
2382.07
2354.15
2548.7
1959.23
2549.02
2335.11
2343.14
1932.76
2246.48
2856.97
1975.83
1845.71
2166.13
2338.98
2366.03
2089.61
1948.67
2150.54
2451.09
3114.77
2621.6
2278.29
2058.01
2181.7
2545.53
2085.73
1978.1
2081.8
2215.14
2459.85
2051.12
2480.01
2353.79
2464.52
1978.39
1901.75
2083.74
1966.54
2471.86
2491.61
2349.25
2174.46
2081.65
2218.13
2172.27
2324.43
2648.55
2607.67
2202.94
2039.82
2224.26
2232.77
1785.81
2642.18
2078.29
2723.95
2674.43
2166.74
2504.66
1950.06
1961.33
2258.86
2526.95
2220.69
2574.52
1929.34
2345.26
2264.47
2556.24
2190.97
2244.11
2492.59
2198.79
2577.65
1934.55
2273.02
2155.67
1918.03
1975.63
2369.24
2666.21
1909.11
2452.26
2399.43
2735.65
2251.37
2073.34
2693.53
2531.25
2223.3
2163
1706.72
2403.11
2218.19
2391.81
2806.99
2662.56
2074.75
2033.21
2104.81
2262.88
1671.33
2990.56
2027.06
2401.61
2417.16
2494.16
2545.75
2395.07
2182
2148.33
2383.08
2124.75
2406.26
1922.25
1748.68
2230.42
1886.51
2522.04
2626.1
2528.02
1835.62
2169.76
2326.99
2823.87
1842.95
2144.85
2406.99
2539.12
2633.42
1954.55
1795.07
2142.73
2019.86
2401.93
1631.92
1712.07
2290.86
2579.58
2271.91
1896.08
2072.57
2144.46
2483.66
2119.97
2223.22
2379.53
2117.51
2553.94
2040.88
2261.12
2436
1688.24
2437.4
1992.26
2218.97
2014.41
2156.76
2328.86
2286.03
2414.18
2141.77
2511.35
2163.52
2507.67
2956
2274.31
2397.21
3025.57
2016.15
3003.6
2203.59
2277.81
2005.49
2514.06
1900.97
2146.87
2567.35
2702.63
2460.52
2876.78
2626.47
2548.57
3311.7
2342.77
2271.73
2541.06
2846.55
2961.71
2218.79
2401.97
2219.74
2326.31
2092.53
1868.39
2051.78
2653.13
1945.9
2406.19
2063.54
2070.25
1921.8
1975.96
1977.01
1943.96
2076.31
2022.44
2391.53
1558.84
2773.71
1937.44
1965.94
2027.27
2609.31
2386.05
3023.43
2767.04
2518.99
1862.04
2877.37
2222.22
2071.88
2536.28
2182.65
2133.9
2037.45
2212.41
2478.81
2025.21
2386.97
2472.7
2480.66
2172.55
2686.62
2192.28
2058.79
2098.3
1816.24
2109.56
2197.65
2376.22
2998.5
2574.93
2295.91
2296.34
1806.44
2184.29
2439.65
2032.61
1801.97
2123.3
2337.43
2597.73
2342.86
2039.05
2473.91
1975.93
2389.03
2505.95
2126.54
2061.71
2202.33
2555.16
2106.67
1965.29
1713.51
2178.41
2196.3
2102.23
1908.19
2555.61
2008.42
2017.04
1858.57
1952.26
2181.33
2197.88
2491.11
2111.64
2821.11
2408.91
2039.72
2446.06
2033.89
1758.76
2129.23
2436.45
2250.8
2637.71
2307.69
2062.84
2361.22
2241.38
2336.87
2432.02
2141.09
1983.61
2228.82
2333.8
2569.71
2069.21
2105.2
2457.76
2256.48
2000.86
2881.11
2319.36
2146.63
2154.09
2212.66
2261.52
2051.78
2242.86
2035.32
2376.78
2303.47
2037.43
2379.2
2410.61
2421.59
2544.34
2170.08
2564.91
2548.3
2018.91
1994.79
2559.63
1905.42
2458.97
2444.99
2208.19
2141.52
2109.86
2497.92
2225.87
1846.43
2254.77
2396.26
2098.25
2443.77
2224.6
2504.95
2192.88
2121.06
2168.39
2202.38
2226.99
1873.33
2044.02
2502.98
2327.06
2267.21
2173.5
2080.92
3233.61
1804.87
2398.11
1963.38
2388.35
1913.11
2427.35
2462.25
3271.87
2535.87
1962.2
1930.64
2678.42
2476.85
2333.11
2266.65
2300.34
2557.09
2249.63
1906.99
2216.71
2635.58
2253.2
1816.82
2232.03
1979.97
2062.42
2298.31
2186.33
2116.13
2243.99
1934.56
1937.67
2182.99
1972.71
2478.76
1969.2
2795.23
2256.56
2031.93
2340.42
2101.67
2319.94
2230.66
2666.67
2290.94
2277.25
2329
2071.89
2681.36
2706.08
2334.34
2449.13
1786.97
1795.1
2071.31
2677.75
2135.55
2572.32
2129.77
2435.05
1721.98
1964.21
2287.15
2325.68
2760.95
1965.58
2291.38
2137.53
2023.55
1766.51
2172.53
1774.19
1878.85
2050.76
1769.43
2479.67
2179.15
2026.82
2151.54
2051.47
2070.35
2425.7
2547.15
2502.96
2793.49
2844.89
1836.67
1939.34
1894.02
1683.4
2130.24
2010.52
2335.46
2596.57
2672.08
2387.45
2387.4
1985.22
2363.07
2191.86
2272.08
2324.78
1991.94
2478.95
2185.54
2261.95
2003.78
2768.93
2732.71
2089.26
2513.5
2195.51
2092.16
2133.93
2041.48
2247.2
2213.43
1917.32
2598.09
2708.22
3403.18
1847.34
1993.8
1886.89
1902.61
2437.27
2194.09
2286.97
1926.36
2692.66
1983.86
2553.24
1954.56
2261.71
2445.25
2144.49
2301.04
2483.11
2173.73
2478.58
2201.38
2377.57
2339.32
2034.81
2550.99
2243.16
2343.4
2713.78
1847.16
2248.02
2184.93
2033.41
2669.46
2136.14
2603.03
2936.52
1909.17
2107.38
2159.63
2367.73
2435.57
1892.98
2177.27
3001.02
2965.42
2478.95
2318.2
2502.67
1928.59
2721.97
2339.44
2153.99
2600.26
2667.41
2599.98
2288.98
2078.22
2204.43
2067.57
2461.31
2114.3
2291.94
2297.86
2298.23
2404.83
1988.37
2698.15
2389.53
1899.93
2525.95
2479.11
2582.39
1871.57
1922.06
2656.33
2069.07
2335.87
2045.63
2310.31
2009.08
2423.68
2795.52
2201.87
2428.69
2646.64
2337.55
2108.32
2439.57
2187.16
2509.32
2044.58
2047.58
1930.45
2180.46
1942.39
2225.16
2047.7
2216.34
2334.77
1974.58
2364.53
2396.19
2481.82
2473.82
2399.77
2001.19
1915.19
2269.82
2344.35
2680.15
2609.6
2161.27
2205.64
2790.21
2575.33
2410.11
2647.14
2198.37
2403.83
2200.84
1798.41
2366.59
2309.17
2233.12
2594.9
2114.83
2024.75
2754.89
2009.69
1958.99
2733.64
2460
2159.26
2175.3
2441.48
2038.43
2244.9
2155.11
1933.53
2489.52
2194.08
2170.79
2103.49
2094.44
2084.28
2168.51
2598.47
1914.6
1714.03
2333.54
2147.19
2240.16
2289.26
2116.72
2337.59
2107.43
2471.83
2580.18
2314.21
2033.03
2200.02
2286.96
2460.46
2385.6
2465.65
2718.75
2377.06
2113.59
2169.28
2392.96
2221.02
2315.17
2983.93
2048.43
2290.37
2411.1
2513
1705.88
1947.64
2251.98
2436.33
2370.23
2166.99
1931.97
1715.53
2069.28
1779.81
2344.81
1727.94
2489
2202.96
2423.22
2470.19
2526.45
2335.41
2307.47
1894.01
2892.07
2034.21
2161.25
2184.45
2440.91
2012.91
2933.5
2202.4
2431.97
2355.04
2367.65
2671.27
2112.2
2187.97
2974.69
2599.1
2803.87
2270.46
2063.93
2179.69
2372.36
2930.5
2304.18
2132.97
2854.55
2269.27
2115.43
2752.56
2122.32
2299.35
1758.44
2472.5
1942.33
2258.56
2324.5
2381.31
2429.51
2600.96
1971.27
2118.88
1946.67
2655.57
2118.17
1988.4
2606.01
2919.4
2730.32
2393.08
2491.77
2096.79
1752.13
2487
2369.82
2295.24
2201.15
1971.58
2079.96
2049.53
2226.62
2307.99
2693.79
2455.18
2083.46
2296.22
2327.86
1884.74
1903.96
2713.49
2537.53
2469.68
2114.24
2415.55
2274.27
2115.94
2058.63
2149.24
2050.66
2244.66
2261.55
2390.71
2225.55
3686.11
2359.76
2130.92
2308.63
2314.5
2466.48
1803.6
2280.96
2545.09
2041.64
2140.04
2719.96
1805.05
2812
2095.52
2011.19
2227.79
2269.5
1947.78
2160.96
2776.3
1997.75
2474.2
2049.39
2455.44
2523.24
2263.47
2703.8
2415.01
2530.71
1929.83
2189.18
2334.74
2485.63
2776.92
2357.98
2156.84
2150.78
2270.9
2140.39
2211.76
2480.21
2759.58
1834.55
2243.89
2050.8
2125.19
2374.59
2337.2
2292.12
2644.25
2337.97
2684.53
2484.19
2028.85
2338.04
2111.29
1957.84
2374.1
2903.86
1948.89
2131.09
1833.57
1708.02
2462.22
2027.52
2646.27
2198
2329.79
2205.8
2111.55
2623.25
2337.44
2541.96
2394.04
2189.53
2125.45
2906.66
2342.82
2146.56
2084.01
2378.88
1948.76
2594.56
2370.86
2279.19
2079.05
2251.87
2128.06
1850.7
2512.95
1805.87
2421.91
2496.79
2656.96
2107.6
2316.37
2332.08
2033.46
2288.24
2176.4
2049.94
1938.27
2281.98
2266.51
2274.47
2020.42
2267.64
2023.82
2591.95
2416.95
2552.23
2741.42
2587.95
2577.12
2669.53
2277.86
2302.69
2213.82
2505.68
2274.15
2381.83
2330.43
2174.33
2101.39
1929.07
1975.14
2578.76
2336.69
2751.83
2397.89
2417.88
2532.14
2307.16
2881.5
2033.62
2212.52
1881
2693.4
1670.92
2327.59
1958.06
2714.24
2101.24
2156.1
2252.32
2098.82
1874.28
2164.03
2121.53
2591.91
2167.15
2446.7
2382.86
2193.9
2189.18
1851.08
2340.98
2100.24
2627.24
2497.38
2175.72
1984.76
1899.05
2681.3
2288.54
2197.7
1641.07
1808.43
2794.98
2316.75
2218.5
2395.83
2253.59
2527.13
2516.95
2886.17
2535.01
2337.18
2252.34
2073.2
2706.54
2156.84
2135.03
2787.32
1928.41
2132.51
2611.45
2150.83
2743.11
2218.55
2322.71
2418.59
1903.71
2168.63
2087.03
1991.55
2700.22
2335.04
2020.02
2150.04
2120.22
2230.21
2211.02
3441.45
2533.27
2003.1
1891.48
2601.37
1988.96
2137.08
2076.59
1937.32
2155.8
1951.16
2300.67
2112.67
2332.37
2184.63
2029.97
1878.63
1867.13
2210.16
2432.83
2269.48
1877.45
1830.25
1905.09
2437.35
2460.76
2772.13
2244.72
2086.31
1829.98
2139.05
2683.56
2676.46
1861.87
2077.27
2122.62
2351.1
1876.56
2823.12
1913.8
2894.71
1893.36
2149.09
2256.8
2014.93
1976.56
1687.15
1864.16
1987.57
2851.48
2048.44
2691.27
2925.84
2517.62
2709.69
2091.42
2181.89
2376.27
2064.42
1688.53
1729.07
2472.04
1790.46
2100.87
2485.04
2152.68
2823.95
2489.21
2127.93
2225.96
2165.63
1888.54
2185.95
2099.74
2379.31
2483.2
1558.8
2134
1905.2
2936.54
2746.38
2466.23
2150.34
1798.34
2021.29
2824.9
2469.66
2170.59
2500.06
1966.07
2054.36
2259.37
2270.33
1885.28
2528.14
2240.85
2117.29
2230.03
2002.43
2411.35
2264.71
2175.43
2515.81
2246.07
1819.64
1946.75
2126.37
1874.37
1735.53
1796.31
1909.72
1846.71
1882.81
2014.33
2190.8
1876.23
2178.19
2530.09
1980.07
2358.78
1802.52
2325.33
2264.76
1886.39
2406.38
2083.72
1971.52
2377.57
1814.94
2584.4
2239.69
2706.2
2066.7
2059.85
2643.71
2010.37
2039.26
2547.3
2560.11
2198.67
2616.79
2154.3
2194.36
2311.83
2375.11
2208.44
2649.9
2071.06
2334.26
1993.48
2131.16
2301.33
2457.45
2006.83
2434.3
2371.54
2306.11
2263.4
2560.57
1920.27
1812.44
2158.35
2168.4
2707.31
2790.18
1896.96
2160.84
2440.94
2283.5
2244.57
2378.66
2172.98
2253.8
2668.51
2311.41
2019.1
2418.05
1995.39
2007.74
1858.75
2217.39
2459.19
2452.08
2131.78
1957.1
2117.9
2574.66
2293.82
1638.69
1956.18
2347.35
2178.54
2028.32
2281.93
2451.24
2236.15
2240.6
2091.57
1842.14
2256.59
2539.25
2418.47
2509.29
1880.48
2343.48
2217.69
2237.47
1613.18
1985.5
2187.58
2500.4
2437.93
2459.77
2211.15
2852.6
2148.89
2777.35
2225.01
2167.16
2181.99
2149.42
2348.96
1833.45
2493.76
2265.62
1748.09
2049.88
2269.04
2354.18
1860.84
2215.92
2392.68
2374.27
1937.38
1919.28
2701.3
1855.62
2469.03
2156.31
2534.45
2355.34
2406.11
2554.22
2494.21
1632.51
2010.17
2307.3
2363.55
1840.62
2171.34
2538.01
2386.61
2186.01
2486.97
2270.34
2528.03
2186.82
2465.83
2485.9
2242
2142.61
2562.68
2233.38
2104.52
2211.24
2626.21
2352.48
2230.17
2086.76
2091.87
2266.13
2528.41
2096.08
2149.09
2737.56
2815.73
2194.78
2005.78
1807.27
2423.51
2219.78
2359.44
2014.15
1787.42
2088.28
2205.15
1942.28
2865.71
2595.14
1742.86
2132.78
2177.17
2026.3
2186.28
2073.38
2297.47
2205.27
2044.95
2028.33
2473.01
1914
2490.53
2453.9
2344.36
2624.8
2441.39
1892.81
2824.44
2237.18
1905.77
2449.03
2005.32
2331.41
2070.67
2513.57
2157.78
1846.53
1903.54
2406.74
2356.69
2060.86
2188.22
2455.69
1892.03
2206.12
1839.45
2513.36
2216.08
2168.48
1929.54
2336.1
2846.52
2027.72
2237.02
2385.9
2342.34
2415.32
2141.19
2175.33
1935.77
2208.54
2269.15
2261.46
2145.13
2177.37
2338.01
2188.57
1954.29
2081.84
2424.07
1803.86
2749.75
2196.83
1835.61
2287.14
2097.61
2210.8
1762.78
2492.29
2558.58
2220.44
2314.78
2192.71
1921.03
2064.1
2101.28
2054.67
2092.24
2372.71
1800.23
2242.71
2266.9
1954.07
1831.57
2198.37
2438.17
1980.57
1749.95
2267.42
1727.94
2038.45
1959.75
2192.24
2054.95
2197.13
2692.74
2169.14
2207.18
2472.53
2164.64
2233.16
1859.23
2295.55
1902.64
2538.02
2478.23
2150.81
1851.86
2495.45
1824.68
2561.21
2609.28
2905.17
2421.07
1992.1
2327.58
2060.42
2343.71
2455.13
1971.46
2149.1
2806.43
2842.99
2225.55
2525.89
2267.16
2544.81
1850.25
2583.08
2326.53
2051.6
2776.77
2409.16
2520.27
1868.29
2077.63
2440.58
2347.46
2370.06
2280.48
1703.81
1955.44
2058.57
2299.32
2337.55
2668.07
2695.26
2560.14
2170.39
2123.18
2270.24
1823.67
2212.19
1869.52
1702.1
1676.2
2031.97
2176.68
1972.57
1838.52
2244.45
1970.96
2401.16
2137.39
1617.36
2299.36
2182.06
1531.87
2140.94
1997.85
2363.43
2070.21
2282.02
2245.58
2225.64
2304.33
2616.94
2508.11
2812.26
1949.14
2582.62
2148.47
1855.63
2132.39
2207.03
2144.74
2075.79
1802.91
1930.55
2148.43
2281.98
1871.49
1890.16
2462.42
1805.87
2228.1
2847.29
2683.84
2474.86
1980.74
1954.81
2683.59
2171.74
2369.44
2144.52
2217.97
2582.75
2163.46
1931.65
1983.73
2542.55
1777.76
2161.47
2556.88
2184.37
2500.41
3240.81
2815.53
2453.14
2314.51
2502.61
2155.92
2056.61
2535.82
1968.71
2666.02
2177.08
1968.73
2163.95
2153.34
2649.6
2837.49
1979.65
2158.48
2257.09
2306.93
2293.69
1972.14
2026.78
2437.6
2766.72
2351.04
2497.21
2130.66
1962.42
1985.79
1833.22
2162.91
2587.35
2418.83
2194.82
1992.67
2160.42
2243.58
2118.59
2383.09
2259.59
2028.63
2115.55
2515.67
2952.46
2496.6
2882.45
2660.09
2440.98
2645.15
2243.3
2113.87
2089.37
2224.34
2378.51
1717.22
2873.2
2016.01
2874.67
2419.58
2461.68
2680.74
2757.25
2436.98
2144.12
2818.12
2010.66
2300.92
2067.11
1959.03
2646.52
2691.32
2253.43
2429.03
2520.58
2254.72
2468.97
2159.59
2537.05
2318.01
2614.06
2299.84
2583.11
2009.4
2154.33
1936.66
2442.75
2316.51
2043.37
2510.39
2094.44
2711.21
2507.05
1962.37
2445.4
2502.96
2166.23
2375.02
2234.44
3000.01
2794.37
2663.61
2100.25
2484.82
1881.87
2532.08
2208.98
2142.23
1992.74
2959.46
2198.99
2525.05
2024.65
2091.35
2351.67
2859.14
1995.6
2089.52
2094.99
1778.49
2754.85
2507.77
2240.51
2491.94
1650.6
2589.99
2289.17
2002.47
2411.47
2441.6
2266.45
2628.74
2095.43
2006.84
2287.84
1962.41
2153.98
1924.79
2129.47
2489.49
2291.27
2210.83
2093.38
2003.91
2121.79
1977.31
1966.09
2396.73
2312.57
1964.68
2448.18
2227.56
2027.43
2935.52
2975.21
2090.53
2209.62
2105.11
1992.7
2429.59
2007.78
2053.2
2042.86
1817.54
2298.45
2076.14
2123.9
2957.15
2167.57
2261.49
2534.82
2457.35
2415.08
2285.31
2710.41
2277.13
3140.38
2883.82
1936.51
2512.62
2125.34
1810.34
2512.59
2454.01
2259.82
2362
2414.68
2607.4
2502.46
2360.91
2628.84
2181.61
1991.08
1996.45
2319.16
1825.12
2613.73
2339.63
2083.55
2303.16
2255.21
2203.08
2475.25
2462.99
2440.61
2325.54
2396.4
2532.81
2266.23
2044.59
2307.92
2173.52
2167.46
2186.11
2254.48
2267.45
2307.52
2573.19
1865.47
2543.21
2867.2
2340.42
2245.78
2303.41
2298.81
2249.53
2106.51
2032.88
2474.07
2095.72
1940.92
1900.65
3203.42
2318.22
2254.8
2239.47
2228.97
2642.85
2933.75
2427.88
1874
1952.46
2096.03
2402.07
2062.42
2322.5
2368.46
2013.39
2328.27
2255.39
2140.1
2949.88
2559.76
2633.53
2496.41
2404.75
2447.34
2533.77
2816.14
2027.04
2896.63
2292.96
2199.49
1994.6
2552.18
2230.16
2863.09
2496.62
1900.8
2292.47
2258.77
2688.98
2041.83
1872.57
2043.12
2362.82
2419.67
2478.93
2025.77
2007.96
2490.42
1795.02
2021.67
2074.24
2229.28
2081.95
2278.96
2001.27
2241.29
2302.21
1990.54
2171.35
2459.22
2534.13
2666.97
2070.67
2442.36
2985.48
2501.47
2314.55
1994.8
1994.21
2177.48
2271.3
2353.26
2191.74
2820.64
2162.56
2180.21
2432.54
2063.51
1907.47
2329.51
3130.78
2289.37
1809.66
2122.84
2183.71
2037.96
2101.72
2111.82
2533.45
3264.37
2804.96
2050.65
2142.86
2574.96
2065.55
1969.43
2221.39
2099.75
2182.85
1920.62
2300.05
2567.9
1773.11
2154.47
2691.63
2006.89
1925.83
2361.35
1969.08
2139.1
1922.31
2013.04
2110.67
2207.71
2502.4
2048.06
2597.76
2419.02
2307.47
2350.26
2367.91
2418.75
1975.41
2096.56
1900.54
2337.75
2209.3
2439.87
2017.41
1890.14
1857.18
1966.05
2032.66
2274.87
2054.94
2230.63
2315.81
1985.84
1847.52
2087.3
2052.77
1713.73
2486.09
2335.91
2013.03
1858.35
2225.89
2244.14
2365.8
1826.15
2582.34
2302.15
3177.16
2116.76
2559.83
2131.47
2371.3
2058.29
2680.49
2329.21
1825.34
2142.67
2088.18
2807.76
2205.8
2313.97
2055.69
1944.17
2340.55
2492.75
2528.96
2317.99
2406.68
2420.28
1770.17
2547.03
1866.49
2278.7
2341.16
2220.18
2180.3
2224.2
2255.17
1892.91
1935.8
2185.01
2093.52
2476.61
1928.81
2050.61
2276.03
1892.31
1834.01
1999.3
2403.68
2306.2
2119.79
2034.38
2664.07
2272.36
1820.96
2182.7
1961.01
2003.42
1965.96
2297.63
1822.49
2010.09
3075.72
2212.8
2285.94
2341.2
2707.55
2185.55
1959.72
2215.77
1997.87
2255.64
2620.69
2009
1833.46
2047.32
2101.03
2918.74
2757.94
2164.09
1904.61
1874.69
2004.15
1809.22
2054.41
1837.66
1815.42
1868.38
2609.15
1714.22
2415.1
2293.26
2212.96
1904.93
2160.12
2048.52
1855.61
2028.46
1773.93
2254.77
2224.36
2155.01
2175.86
2171.71
1842.99
1802.09
2353.99
2403.82
2146.43
2075.01
2082.69
2629.13
2092.96
1983.36
1840.14
2027.04
2412.87
1916.53
2152.53
2166.97
2450
2621.01
2153.61
2324.52
1968.9
2254.03
1844.52
2284.98
2056.86
2339.05
2163.92
1994.12
2584.2
2060.24
2139.4
2630.18
2520.64
2089.85
2523.69
2082.56
2292.46
1874.7
1957.78
2238.96
2101.4
2356.53
2032.76
2343.6
2183.21
2356.39
1903.82
2038.55
1828.2
1895.28
2197
2135.29
2459.78
2372.59
1792.66
2498.47
1983.48
2406.98
2630.46
2249.4
1830.98
2364.92
2121.53
1917.26
2329.11
2246.49
2198.85
2036.79
2438.06
2087.61
2211.96
2512.38
2348.12
2220.62
2523.97
2762.66
2040.64
2118.13
2476.97
2132.42
2475.75
2750.29
2185.25
2201.37
2473.22
2561.54
2414.56
1871.64
2033.69
2193.48
2006.2
2130.54
1910.01
2109.42
2159.26
2471.35
2094.48
2559.12
2072.25
2435.42
1911.66
2307.02
2688.63
2053.05
2305.52
1805.67
2202.89
3020.15
2847.82
1860.47
1945.73
2223.57
2631.53
2218.98
2517.15
1887.94
2219.26
1832.61
2097.53
2801.69
2158.1
2433.41
2225.55
2025.03
1833.48
1676.78
2052.7
1839.27
1764.32
2021.03
2118.54
2142.17
2142.31
2520.63
2171.55
2198.66
2698.99
2613.93
2393.49
2111.91
2210.98
2895.07
2219.86
2279.21
2022.63
1658.4
2283.27
2345.74
2391.12
2366.23
2501.15
2266.23
2700.82
2333.25
2337.72
2147.87
2113.1
1698.29
2386.74
1892.26
2327.39
1820.1
2566.04
2395.31
3007.46
2000.8
2156.26
2058.17
3162.01
2148.69
2879.94
2371.57
2786.97
2129.94
2493.68
1923.77
2044.88
2307.56
2530.17
2137.96
2203.12
2297.88
2061.6
2462.93
2259.78
2508.88
2251.47
2167.34
2178.07
1978.06
1923.67
2013.3
2346.07
2408.45
1950.52
2187.6
2114.26
2653.55
2467.56
2721.65
3021.88
1921.41
2555.45
2453.64
2168.63
2380.37
2364.14
2604.75
2642.2
2240.37
2786.51
1847.76
2097.08
2032.72
2445.78
2217.15
2136.55
2226.36
2030.38
2474.21
2351
2545.76
2260.11
2436.44
2470.37
2078.07
2113.39
2394.16
2362.22
2424.17
1797.93
2313.83
2423.21
1953.23
2132.83
2240.05
2384.97
2577.81
2128.71
2233.41
2341.78
2200.95
2394
2074.27
2576.26
2354.77
2277.4
2887.02
2246.33
2209.09
2063.41
2530.13
2614.5
2124.66
2103.94
2156.72
2441.63
2146.59
2142.5
2008.99
2118.78
2000.83
2185.75
2263.6
2197.92
1879.36
2754.2
2890.4
1842.93
1967.22
2380.7
2234.69
2215.6
2509.19
2035.65
2222.8
2391.42
2451.81
1880.26
2282.19
2036.44
2191.72
2375.22
2159.9
2121.76
1691.28
2067.33
2304.2
1881.16
2076.64
2686.88
2312.97
2383.39
2467.7
2412.12
2138.45
2071.86
2442.74
1870.71
2430.69
2306.93
2121.7
2488.91
3080.39
2832.21
2120.55
2321.21
1962.24
2391.99
2280.92
3169.22
1946.21
2351.75
1867.69
2796.9
2342.08
2929.94
2363.82
2345.3
2190.33
2225.38
2331.95
2781.5
2740.49
2657.6
2894.09
3091.77
2485.48
2849.91
2260.25
2032.37
2118.03
2689.83
2214.18
2806.92
2154.65
2489.25
2640.61
2281.34
2451.14
2204.47
2392.14
2357.09
2069.92
2080.86
2397.22
2240.79
2702.7
2547.87
1919.26
1661.65
2132.7
2439.91
1978.24
2108.49
2703.92
2519.68
2423.52
1889.05
1921.1
1881.87
2260.14
1947.66
2212.85
3298.62
2454.24
2107.66
2147.37
2894.37
2502.27
2217.72
1810.43
2016.72
2324.31
2340.33
1839.89
2450.29
2159.43
3077.73
2527.66
2280.01
2238.9
2152.69
2304.76
1700.22
2903.66
2091.81
2350.65
2657.66
2077.6
1970.21
1742.62
1850.28
2814.91
1962.72
2611.71
2830.09
2459.14
2216.58
2245.47
2125.97
2161.81
2207.93
2895.4
2384.42
2280.34
1970.33
2592.38
2638.93
2701.32
2078.29
1887.89
2204.15
2120.83
2353.62
1871.87
2291.89
2698.53
2411.15
2874.31
1932.43
2471.06
2172.09
2452.89
2248.71
2698.62
2001.68
2292.52
2054.78
2139.68
2115.14
2664.41
1968.38
1966.72
2277.66
2030.46
2040.83
1934.79
1982.96
1927.68
1818.39
1988.46
1940.29
1952.11
2472.42
2037.62
2515.73
1991.7
2770.64
2271.76
2655.93
2436.28
2224.62
1853.55
1967.51
2041.55
1969.88
2273.06
2113.58
2641.04
2580.22
1944.39
2137.6
2884.33
2022.39
2479.63
2076.04
2174.06
2118.53
2168.3
2353.52
1885.57
2666.39
2268.96
2413.98
2612.8
2128.29
2150.77
2440.14
3094.6
2249.77
2217.14
2850.93
3095.01
2132.91
2227.02
2925.81
2418.55
2460.35
2354.93
2334.17
2456.42
2207.67
2059.04
2458.85
2539.65
2495.02
2218.03
2209.51
2013.82
2123.32
2569.5
2301.95
2547.92
2345.55
2290.65
2047.16
2039.81
2099.02
2271.78
2058.49
2082.07
2005.34
2448.22
2168.32
2664.48
2005.12
1918.6
2226.46
2230.51
2016.83
1717.84
1941.97
2374.71
2284.65
2177.65
1947.92
2102.25
1876.83
2143.18
2282.12
2221.81
2482.99
2387.91
2493.35
2611.16
2201.22
2596.54
2873.74
2168.56
2146.54
1936.85
2336.2
2486.48
2379.17
2558.07
2389.29
2600.4
2074.6
1969.39
2446.8
2148.16
2031.05
2107.95
2605.66
2414
2389.68
2531.61
2107.71
2249.22
2350.17
2521.05
2425.51
2173.22
2951.57
2168.34
1828.64
2414.71
1957.65
2435.3
1561.17
2353
3204.91
2402.6
3153.79
2272.97
2446.32
1860.65
2094.28
1963.14
2296.67
2740.36
2199.22
2056.64
2325.48
2506.79
1910.8
2606.16
2613.11
1975.48
2535.03
2243.74
2111.34
1907.45
2241.16
2735.23
2122.54
2706.64
1813.5
2460.99
2057.96
2719.17
2731.21
2306.02
1838.67
1999.24
2481.5
2869.18
2005.4
2978.02
2313.61
2133.21
2447.23
2121.05
2098.67
2423.17
1884.69
2312.29
2259.03
2483.04
2252.87
2156.09
2099.33
2158.17
2077.39
2157.61
2037.31
2328.48
2698.68
2609.41
2202.06
2334.13
2209.31
1890.75
2143.2
2413.24
2173.97
2480.39
1997.29
2447.1
1906.92
1934.04
2336.5
2092.3
2003.72
2421.34
2015.84
3295.13
1858.84
2490.1
1847.88
2514.16
2157.86
2446.04
2418.45
2442.24
2213.51
1943.72
2486.57
2179.15
2316.53
2590.25
2509.2
2583.45
2081.86
1775.45
2567.31
2217.29
2878.53
2222.26
2316.97
1945.29
2349.48
2048.01
2172.94
2256.46
2289.44
2012.63
2170.27
2443.49
1691
1783.27
2434.43
2421.04
2248.9
2161.34
2141.5
2488.73
2784.3
2687.38
2317.79
2001.91
2743.62
2362.84
2262.23
2675.2
2514.95
2097.45
2267.28
2429.03
2187.31
2183.37
2449.28
1897.58
2186.62
2320.01
2177.05
2159.9
2543.99
2107.01
1991.35
1973.45
2056.04
2292.03
1750.01
2577.34
2243.09
2610.95
1941.08
2265.67
1870.7
2529.28
2382.76
2090.01
1824.94
2074.03
3223.38
2036.11
2121.96
2032.76
2292.54
2317.82
1795.66
2028.59
2060.97
2088.71
2374.73
2138.09
2354.67
2050.01
1783.79
2298.65
1901.97
2002.24
2090.05
1949.39
1949.97
1861.97
2627.05
2639.16
2345.07
2087.29
1882.05
2095.14
2296.11
2346.81
2745.38
2097.75
2349.35
1901.32
2135.53
1953.37
2585.51
2831.92
2411.92
2288.2
2315.08
2245.95
2188.07
2374.45
2305.71
2191.27
2419.5
2189.26
2470.56
2241.03
2348.46
2194.12
2397.09
1653.09
1764.07
2110.35
2506.57
2174.39
1998.86
2114.58
2112.25
2033.29
1885.85
1926.16
2267.12
2245.34
2844.39
2236.1
3022.31
2403.82
2957.26
2273.57
2282.54
2020.07
1996.73
2929.24
2248.04
2201.98
2183.15
2487.71
2094.02
2059.25
2424.81
2325.52
2330.37
1928.32
1790.78
2159.46
2091.25
2263.8
2711.77
2230.67
2040.52
2160.95
2203.68
1790.13
1696.19
2257.46
2439.78
2259.81
2337.58
1964.05
2108.93
1711.98
1989.5
2378.49
1890.76
2478.18
2318.64
2322.07
2111.48
2057.78
2374.55
2673.99
2665.82
2235.78
2495.97
2039.38
2412.26
2272.86
2132.34
2108.23
2393.3
2090.06
2175.18
1723.1
1793.79
2194.21
2066.56
1809.68
2642.46
2805.15
1815.98
1977.63
2619.69
2480.73
1954.96
2446.87
1947.63
2144.09
1768.41
2342.27
2214.9
2427.24
2010.8
1917.33
2244.65
2219.13
2427.15
2340.76
2083.57
2666.7
2408.28
2173.99
2533.51
2850.08
2471.79
2787.32
2584.24
2515.43
2163.02
1906.34
2188.05
2365.71
2610.14
2131.24
2741.59
1936.88
2607.92
1891.35
2271.67
2278.2
2060.22
2316.95
1893.94
2246.13
2528.18
2272.83
2100.61
2735.27
2018.2
2299.16
1990.19
2338.12
2449.48
2225.65
2069.61
2239.15
2056.45
2073.85
1905.98
2271.71
2320.75
2233.5
2377.8
2198.27
2109.48
2507.77
2340.2
2062.52
1864.92
2744.94
2496.6
1870.05
2153.89
1909.83
2070.71
1981.62
1795.48
1971.79
2316.62
3146.02
2171.34
2101.33
2642.56
1750.76
2150.24
2333.16
2038.26
2204.93
2125.9
2180.64
2531.77
2989.91
1996.43
2279.19
2515.14
2426.02
2141.94
2556.82
1925.69
2514.15
2206.32
2264.8
2182.33
2545.08
1744.87
1972.07
2232.36
1791.34
2029.67
2278.28
2382.77
2352.98
2129.19
2387.4
3033.25
2005.37
1983.89
2422.24
3174.3
2320.87
2140.74
2506.33
2352.07
2421.84
2018.04
2246.36
2045.74
1884.07
1900.19
2153.77
2271.3
2140.64
2128.46
2940.25
2518.72
2388.93
2523.47
2071.37
1811.64
2254.3
1955.44
2935.51
2208.82
2941.14
2795.97
2476.88
2530.63
2531.4
2508.77
2158.1
2549.38
2421.49
2315.34
2415.43
2388.55
1920.32
1908.84
2093.8
2172.59
1835.04
2280.52
1976.3
2732.15
2093.78
2669.43
2086.05
2223.35
1893.91
2405.11
2096.03
2381.49
2636.09
2242.88
2359.8
2242.7
1707.56
1991.96
2285.28
1849.16
1840.8
2579.71
1755.74
2223.37
2316.46
2229.09
2354.82
2493.66
2427.61
2183.97
2835.33
1903.56
2845.18
2231.03
2110.75
2087.46
2262.86
2372.65
2098.24
2395.74
1909.08
2801.22
2381.37
2047.62
2194.15
1886.63
1892.01
2306.95
2500.31
2110.38
2224.92
1963.24
2335.13
2509.24
1825.02
2357.28
2232.03
2260.61
2353.51
2517.03
2540.06
2186.97
2430.39
2428.6
1950.23
2478.22
2300.3
1792.11
2537.19
1892.09
1987.09
2037.6
2698.66
2209.56
2364.73
2048.24
2171.52
2564.68
1627.16
1908.22
2368.12
2334.95
1815.87
1885.11
2160.38
2101.98
2518.73
2803.47
2134.22
2327.47
2091.37
2137.13
1940.44
2080.3
1927.8
2182.46
2684.62
2225.36
2218.4
2379.22
2179.13
2229.09
2224
2483.71
2472.49
2832.9
2153.86
2656.7
2315.69
2605.7
1994.16
2080.95
2200.42
2044.67
1759.37
2602.39
2017.1
1853.14
2617.35
2381.32
1905.94
2347.92
2337.34
2634.41
2310.3
2631.46
2465.13
3060.52
2715.19
2573.36
2279.72
2740.11
2561.22
1877.68
2070.68
1938.43
2983.87
2450.19
2062.16
2584.52
2457.02
1918.62
2278.16
2755.22
2290.65
2330.83
2169.16
2135.81
1932.92
2499.03
1716.92
2479.6
2294.37
1823.24
1756.83
2206.71
2448.79
2332.19
1778.3
2044.54
1734.05
2095.31
1659.29
2402.67
2347.37
2071.38
1983.9
2311.26
1918.98
2808.75
2511.96
1830.17
2588.43
2007.16
2461.72
2184.09
2315.04
2168.98
2197.76
2496.55
2586.56
2759
2153.29
2207.36
2254.83
2775.43
2762.34
2362.08
2280.14
2299.51
2226.19
1964.98
2113.97
1958.31
2269.14
2302.67
1953.4
2168.42
2128.35
1968.35
2620.28
2569.3
2207.67
2117.82
1955.76
2676.54
1875.77
2605.97
1947.25
2175.19
1917.18
2033.96
1624.44
2398.99
2783.38
2104.65
2491.14
1932.88
1754.99
2039.73
2054.85
2712.88
1960.4
2209.13
1779.24
2021.08
2138.88
2684.13
2488.46
2598.3
2016.7
2136.27
2087.57
2139.51
2375.03
1851.6
2146.25
1994.14
2140.54
2559.95
1902.68
1968.29
1922.06
1614.09
1978.67
2134.36
1747.52
1801.36
1988.38
1609.95
1841.68
2073.66
1866.41
1889.01
1637.26
1558.54
1885.28
2303.62
1694.93
2066.9
2100.19
1883.61
1523.71
1689.91
1515.76
1771.23
1717.18
2481.68
1797.85
1836.61
1837.19
1969.19
1663.82
1666.74
2590.07
1807.88
2055.76
2053.9
1653.95
1642.92
1525.92
1437.86
1514.02
1594.86
1427.5
2040.25
1655.39
1626.66
2057.73
1583.68
1992.29
1294.64
1657.08
1545.74
1766.5
1774.51
1451.83
1269.73
1580.94
1815.58
1443.95
1571.06
1349.76
1331.92
1612.18
1463.69
1593.42
1571.63
1295.64
1457.49
1279.25
1618.15
1909.92
1632.54
1340.93
1467.85
1604.97
1341.46
1812.22
1739.6
1162.49
1381.57
1459.69
1478.45
1506.98
1557.29
1498.38
1390.12
1734.14
1745.08
1638.37
1319.98
1438.28
1486.09
1181.17
1572.22
1634.45
1466.26
1532.36
1319.99
2006.37
1596.45
1585.89
1434.26
1456.55
1143.95
1314.62
1338.37
1617.41
1393
1350.55
1530.04
1313.77
1463.29
1605.38
1198.81
1464.43
1400.11
1631.37
1429.42
1777.43
1556.51
1385.07
1272.92
1507.73
1631.35
1407.55
1557.65
1400.51
1553.78
1544.84
1761.82
2031.12
1383.17
1393.52
1268.44
1727.92
1591.22
1879.96
1535.84
1463.69
2100.34
1538.59
1510.5
1502.76
1558.04
1704.1
1244.28
1381.12
1285.51
1340.05
1481.83
1536.3
1248.61
1225.44
2008.63
1452.18
1261.03
1312.89
1550.53
1483.8
1643.37
1395.32
1308.32
1839.23
1628.35
1530.05
1742.42
1619.75
1693.14
1914.2
1312.7
1793.75
1790.65
1428.44
1741.43
1361.67
1499.8
1456.95
1802.64
1253.04
1642.39
1415.56
1304.83
1645.91
1557.01
1791
1665.69
1473.74
1913.67
1435.93
1464.14
1648.71
1353.18
1339.14
1384.39
1594.2
1874.71
1609.44
1667.68
1618.29
1729.56
1493.42
1792.7
1735.03
1460.55
1368.26
1435.66
1511.54
958.533
1696.97
1413.76
1259.99
1725.75
1287.26
1703.57
1352.22
1505.02
1552.46
1755.39
1463.67
1499.59
1288.79
1152.88
1386.44
1731.81
1611.77
1791.95
1639.65
1608.64
1296.54
1659.87
1718.84
1253.22
1872.27
1639.01
1235.31
1474.28
1623.33
1836.39
1640.81
1638.75
1593.94
1893.35
1735.65
1438.28
1553.5
1464.93
1355.43
1373.04
1599.82
1520.4
1650.04
1389.03
1222.63
1410.59
1536.77
1694.31
1739.23
1282.89
1545.77
1503.6
1455.29
1991.15
1374.26
1711.97
1261.93
1441.84
1529.58
1326.14
1722.23
1492.57
1830.93
1529.16
1500.38
1459.74
1729.57
1339.76
1692.16
1235.47
1339.92
1240.46
1449.32
1305.46
1371.58
1320.85
1492.18
1263.48
1462.61
1744.98
1434.63
1377.18
1272.46
1637.55
1462.9
1132.02
1615.29
1701.19
1552.58
1629.63
1527.94
2023.83
1631.18
1644.18
1677.3
1312.18
1542.61
1339.92
1654.2
1313.34
1437.59
1461.5
1654.01
1424.27
1684.2
1356.75
1274.3
1552.76
1226.3
1620.07
1621.14
1608.56
1341.52
1692.34
1638.99
1324.45
1622.05
1382.69
1493.25
1347.11
1284.84
1650.5
1521.1
1573.1
1758.49
1615.2
1382.86
1876.85
1677.47
1391.91
1648.64
1468.46
1489.53
1498.67
1868.67
1718.38
1459.79
1323.88
1562.84
1655.52
1605.57
1664.97
1671.33
1412.76
1586.03
1405.12
1611.72
1516.61
1296.62
1743.94
1306.79
1501.12
1671.71
1110.87
1413.94
1413.31
1894.05
1634.54
1462.85
1102.19
1681.3
1409.96
1728.8
1765.6
1644.62
1495.56
1849.79
1521.49
1527.77
1649.63
1618.27
1553.05
1293.11
1603.25
1836.47
1614
1336.53
1409.96
1300.11
1652.46
1386.61
1345.81
1261.25
1440.26
1743.4
1197.76
1509.36
1334.06
1522.79
1487.67
1390.41
1452.33
1521.49
1469.7
1255.66
1726.53
1553.16
1582.51
1554.94
1388.56
1614
1190.33
1509.15
1709.77
1568.53
1625.2
1528.07
1438.31
1432.99
1595.12
1541.35
1539.1
1910.64
1461.55
1341.06
1197.21
1464.22
1108.97
1558.49
1562.63
1697.81
1629.83
1796.07
1466.63
1449.28
1539.86
1505.43
1535.45
1497.12
1283.01
1401.55
1600.22
2067.43
1664.02
1180.63
1682.95
1634.37
1746.51
1385.77
1426.4
1443.29
1475.42
1614.5
1162.33
1406.53
2346.12
1349.05
1239.44
1613.45
1219.7
2078.75
1405.73
1421.2
1300.72
1224.18
1125.9
1680.47
1595.74
1482.36
1376.44
1220.17
1456.06
1474.43
1492.32
1587.29
1474.88
1272.49
1252.54
1448.09
1338.43
1194.08
1896.21
1377.52
1372.11
1410.11
1736.98
1886.13
1619.45
1422.38
1173.65
1482.46
1699.55
1417.67
1584.43
1657.37
1195.9
1490.8
1472.5
1739.64
1392.29
1439.37
1299.92
1362.35
1512.78
1588.25
1476.59
1469.55
1750.85
1640.22
1306.51
2122.73
1800.15
1717.28
1552.46
1595.45
1711.64
1384.5
1463.97
1406.84
1842.87
1491.68
1301.31
1429.77
1353.59
1474.42
1420.41
1104.74
1811.71
1405.72
1553.38
1448.08
1163.45
1525.38
1769.29
1642.98
1805.27
1605.76
1642.31
1263.67
1491.77
1341.17
1748.29
1622.72
1725.78
1428.65
1326.92
1369.51
1143.85
1660.35
1769.11
1370.04
1356.65
1183.24
1312.97
1547.81
1287.82
1219.54
1362.78
1484.68
1272.62
1294.63
1423.59
1387.97
1450.42
1303.11
1307.99
1501.05
1425.45
1555.43
1525.9
1228.17
1810.01
1417.45
1255.45
1587.82
1768.62
1423.72
1783.96
2136.67
1621.01
1526.04
1411.7
1258.38
1302.54
1799.9
1440.13
1794.68
1436.7
1468.44
1874.44
1512.57
2295.33
1724.64
1886.89
1593.27
1454.26
1651.12
1418.73
1551.66
1455.91
1254.5
1532.57
1548.42
1583.12
1382.96
1211.64
1403.18
1506.07
1353.85
1278.55
1445.93
1623.32
1335.55
1605.38
1233.45
1618.68
1438.88
1282.61
1741.69
1513.5
1299.28
1437.34
1194.72
1513.55
1596.85
1970.24
1549.97
1541.57
1319.18
1330.88
1589.86
1398.95
1269.29
1800.82
1272.02
1486.77
1720.31
1427.01
1689.39
1416.41
1327.8
1689.67
1521.31
1313.96
1169.04
1458.54
1758.89
1269.69
1496.26
1581.08
1522.95
1287.32
1397.61
1626.56
1141.54
1258.35
1505.81
1969.38
1308.17
1413.99
1423.41
1385.31
1642.15
1803.39
1612.85
2078.53
1797.3
1529.59
1898.06
2040.93
1865.83
1924.29
1857.79
1774.18
1855.96
1948.82
1421.96
1866.28
1519.44
1463.83
1525.53
1356.14
1423.7
1522.55
1783.4
1618.19
1313.33
1688.5
1648.9
1450.26
1484.12
1434.62
1356.01
1321.8
1499.75
1492.38
1270.58
1313.75
1518.66
1949.77
1752.98
1399.31
1238.35
1486.99
1233.13
1440.29
1451.17
1540.27
1530.56
1193.31
1526.92
1797.52
1416.16
1406.98
1586.03
1218.71
1264.59
1630.72
1542.97
1319.4
1214.71
1591.61
1427.36
1664.2
1721.82
1516.01
1388.68
1462.63
1438.15
1518.47
1465.49
1319.78
1144.21
1474.61
1700.19
1092.2
1642.41
1157.44
1933.01
2023.29
1837.12
1232.05
2035.22
1608.21
1237.95
1564.81
916.771
1532.7
1636.97
1463.53
1696.62
1223.36
1531.54
1698.02
1434.81
1751.53
1222.23
1855.46
1558.51
1251.36
1338.62
1531.96
1633.41
1101.42
1340.03
1174.8
1323.1
1280.55
1253.46
1260.52
1510.43
1509.35
1376.04
1604.34
1306.94
1722.83
1635.03
1695.38
1567.3
1175.11
1597.54
1241.72
1400.2
1698.59
1533.3
1429.98
1211.9
1471.91
1470.94
1379.72
1458.41
1452.62
1259.08
1397.64
1508.99
1641.73
1436.25
1102.9
1886.4
1427.64
1194.31
1315.62
1827.8
1483.36
1244.62
1326.24
1656.5
1319.02
1417.53
1636.2
1385.35
1459.33
1510.11
1350.48
1374.27
1469.34
1408.08
1612.98
1232.19
1576.18
1400.33
1526.84
1447.11
1365.34
1130.03
1246.33
1692.36
1914
1561.83
1271.86
1169.49
1134.01
1322.56
1700.74
1455.58
1469.91
1481.51
1230.67
1674.72
1482.94
1528.47
1548.69
1890.03
1746.97
1532.9
1221.75
1416.28
1453.28
1336.76
1730.18
1619.94
1515.2
1570.87
1252.43
1708.26
1346.26
1711.65
1358.83
1529.64
1365.11
1691.29
1992.27
1525.14
1484.34
1597.46
1454.79
1478.83
1326.4
1505.37
1351.47
1792.95
1288.05
1843.34
1861.32
1688.93
1115.99
1383.31
1497.2
1631.33
1435.84
1556.91
1680.44
1614.94
1664.74
1366.68
1178.3
1454.37
1600.46
1721.13
1337.69
1641.76
1652.99
1614.03
1443.86
1834.36
1523.94
1324.17
1431.32
1418.11
1555.85
1515.91
1306.51
1626.88
1381.94
1328.62
1580.49
1698.56
1428.03
1373.08
1214.05
1347.58
1358.26
1861.61
1262.12
1821.41
1553.31
1728.87
1556.72
1478.6
1674.06
1740.26
1433.5
1524.51
1101.32
1613.75
1356.94
1261.1
1130.89
1471.94
1109.87
1598.55
1493.26
1305.65
1375.21
1239.8
1665.23
1330.16
1541.31
1350.95
1215.67
1521.37
1453.51
1623.74
1439.94
1384.56
1385.88
1711.2
1681.52
1300.15
1438
1725.33
1533.61
1556.8
1424.07
1369.85
1393.23
1268.21
1198.13
1268.12
1411.88
1438.97
1623.01
1362.64
1364.98
1629.54
1516.66
1562.95
1399.93
1544.89
1181.17
1641.23
1244.05
1292.52
1452.15
1185.75
1203.88
1515.26
1640.02
1246.49
1501.1
1285.37
1725.22
1258.04
1734.69
1543.62
1298.92
1473.33
1521.74
1247.08
1381.17
1445.41
1326.43
1355.13
1548.7
1789.85
1446.66
1604.57
1517.19
1640.98
1586.38
1713.91
1526.68
1783.61
1431.18
1443.73
1509.59
1502.27
1507.95
1519.06
1273.17
1712.18
1364.16
1463.45
1643.5
1455.27
1690.05
1430.39
1324.22
1483.84
1376.1
1513.61
1858.31
1472.43
1098.21
1472.75
1494
1435.1
1380.08
1446.04
1388.98
1299.99
1219.01
1465.78
1268.76
1198.79
1357.92
1376.01
1610.98
1414.76
1813.41
1584.74
1425.46
1539.76
1317.02
1712.72
1618.8
1471.9
1785.61
1521.63
1386.5
1200
1380.29
1360.76
1600.2
1339.99
1406.46
1332.24
1340.53
1011.44
1478.45
1557.13
1587.33
1568.88
1358.45
1374.36
1363.28
1386.96
1562.03
1417.19
1631.57
1735.83
1282.68
1431.25
1324.22
1285.81
1280.12
1647.86
1593.24
1766.46
1288.92
1335.83
1331.27
1443.47
1437.55
1186.92
1818.21
1153.03
1491.29
1361.88
1582.99
1537.47
1004.37
1676.99
1517.64
1579.87
1455.49
1258.03
1211.64
1879.57
1348.9
1191.72
1725.78
1600.17
1240.69
1751.1
1439.74
1722.83
1379.67
1232.19
1203.87
1433.74
1643.19
1262.15
1645.78
1428.98
1779.45
1187.09
1831.68
1473.45
1431.54
1301.02
1462.61
1872.93
1341.64
1186.88
1654.49
1233.28
1456.78
1451.24
1664.31
1323.86
1551.44
1419.95
1774.45
1592
1524.77
1240.03
1389.17
1618.51
1615.48
1832.83
1633.39
1956.03
1944.04
1524.53
1610.47
1503.21
1570.34
1699.56
1529.04
1401.68
1365.28
1580.98
1436.31
1476.97
1526.75
1389.29
1575.96
1618.13
1741.47
1498.46
1469.15
1594.5
1239.09
1342.17
1526.2
1308.35
1335.59
1070.05
1061.29
1104.61
1407.21
1418.28
1472.91
1511.7
1803.21
1886.74
1910.28
1686.34
1270.73
1633.2
1574.17
1602.58
1728.52
1459.44
1086.1
1390.67
1327.75
1095.48
1687.83
1381.8
1265.02
1265.9
1302.78
1252.85
1460.64
1612.93
1851.47
1861.51
1681.73
1428.77
1844.45
1531.28
1508.61
1804.93
1609.83
1773.8
1281.23
1741.13
1845.69
1496.88
1811.3
1491.04
1428.13
1453.81
1338.63
1370.88
1461.45
1607.89
1457.22
1438.35
1323.34
1355.83
1424.94
1330.5
1323.51
1463.45
1701.79
1471.93
1056.31
1515.6
1883.52
1404.43
1372.51
1331.98
1687.84
1187.64
1565.73
1595.44
1992.29
1776.94
971.11
1387.72
1185.44
1235.89
1179.36
1332.98
1533.31
1390.32
1498.73
1231.28
1313.15
1339.32
1272.96
1577.65
1420.12
1684.67
1496.74
1426.82
1618.06
1618.85
1367.31
1375.85
1350.57
1283.1
1423.78
1505.97
1458.04
1579.59
1329.43
1453.07
1431.19
1500.57
1514.91
1563.69
1446.26
1750.98
1541.22
1415.42
1429.61
1529.18
1401.47
1865.03
1529.5
1353.24
1283.04
1347.67
1443.27
1459.13
1330.78
1312.04
1069.1
1353.89
1541.02
1289.21
1451.37
1303.09
1673.21
1183.54
1514.18
1461.03
1550.1
1593.32
1276.76
1641.09
1195.43
1409.74
1736.96
1381.28
1499.71
1143.04
1306.38
1597.14
1745.13
1547.82
1838.32
1450.98
1551.97
1822.86
1807.97
1637.28
1530.78
1540.51
1576.88
1705.45
1776.67
2113.36
1513.53
1586.97
1623.32
1435.53
1538.01
1335.55
1544.84
1519.58
1461.04
1184.06
1616.85
1349.79
1274.72
1403.04
1482.14
1396.55
1264.22
1573.49
1403.64
1562.53
1842.44
1785.63
1713.62
1153.67
1480.65
1768.56
1195.2
1332.94
1915.48
2161.95
1399.95
1566.05
1423.26
1913.99
1390.35
1150.34
1510.55
1271.92
1440.01
1213.03
1474.12
1405.12
1439.36
1665.13
1390.31
1601.49
1642.86
1562.98
1697.22
1343.18
1781.02
1593.77
1858.82
1808.99
1550.11
1251.37
1633.73
1513.47
1837.07
1623.24
1594.62
1470.97
1719.46
1659.23
1464.21
1808.53
1487.54
1537.1
1420.17
1520.88
1571.22
1149.24
1482.75
1591.32
1666.41
1616.01
1501.67
1329.85
1319.58
1288.64
1446.85
1838.96
1448.5
1424.35
1500.91
1143.05
1450.3
1379.6
1583.75
1662.72
1249.14
1346.76
1469.25
1414.79
1504.43
1364.5
1402.69
1358.97
1775.1
1426.26
2143.16
1970.81
1480.69
1326.49
1669.47
1445.94
1348.08
1585.46
1624.8
1879.57
1225.17
1535.97
1516.83
1349.97
1607.09
1240.62
1319.33
1216.02
1596.97
1718.2
1264.72
1623.35
1324
1607.76
1661.42
1461.49
1640.55
1513.42
1908.1
1494.66
1555.82
1193.08
1189.81
1888.44
1412.26
1151.71
1559.67
1555.59
1390.31
1782.02
1708.23
1538.29
1646.9
1290.03
1560.07
1678.55
1368.24
1158.14
1279.61
1802.35
1494.81
1367.92
1602.8
1804.37
1471.86
1237.87
1530.37
1458.61
1538.36
1586.99
1385.81
1735.25
1509.76
1632.19
1461.41
1436.66
1546.74
1695.06
1445.12
1811.62
1574.57
1441.84
1573.32
1429.16
1332.12
1593.56
1531.54
1315.05
1229.18
1320.06
1521.17
1468.15
1298.7
1413.01
1601.5
1587.1
1857
1481.4
1566.93
1313.16
1566.69
1160.88
1615.99
1491.84
1353.45
1606.69
1594.92
1474.42
1503.24
1475.17
1581.44
1584.63
2133.58
1284.55
1583.37
1546.79
1513.25
1243.36
1393.94
1613.43
1541.19
1466.67
1525.78
1486.58
1395.05
1795.48
1558.53
1094.04
1513.83
1620.17
1670.64
1594.17
1785.73
1615.05
1849.59
1401.05
1507.53
1446.46
1233.22
1416.45
1359.42
1473.02
1366.35
1234.98
1471.24
1729.08
1111.07
1440.73
1509.3
1519.62
1593.88
1386.16
1331.81
1751.46
1397.32
1712.39
1162.95
1116.21
1792.31
1556.83
1305.8
1579.84
1650.66
1654.59
1757.64
1340.69
1632.41
1441.26
1585.71
1419.22
1389.01
1565.92
1832.99
1874.31
1571.19
1592.44
1704.72
1522.48
1503.72
1416.37
1420.27
1625.21
1583.1
2062.91
2150.63
1601.12
1733.36
1551.57
2203.26
1656.89
1212.43
2085.24
1618.42
1553.45
1392.13
1767.18
1810.52
1826.81
1382.83
1418.68
1821.05
1269.37
1482.86
1627.79
1325.03
1575.77
1414.11
1532.99
1503.43
1178.88
1733.29
1355.47
1589.13
1415.38
1698.74
1199.1
1230
1566.86
1525.04
1657.45
1585.13
1464.75
1648.19
1583.61
1482.58
1610.03
1462.06
1587.52
1794.89
1199.59
1536.59
1549.64
1486.29
1589.25
1169.51
1334.84
1559.2
1710.19
1468.38
1562.54
1528.72
1197
1891.48
1475.16
1373.62
1325.15
1307.83
1239.44
1320.83
1242.99
1172.53
1982.3
1516.35
1500.48
1431.82
1268.53
1544.01
1346.81
1620.25
1846.29
1596.13
2043.69
1294.26
1341.19
1658.91
1636.99
1409.62
1773.53
1494.82
1401.05
1843.82
1575.76
1460.04
1577.19
1896.75
1579.47
1562.34
1493.19
2037.86
1601.11
1523.56
1813.62
1718.46
1058.54
1729.02
1525.01
1548.31
1406.91
1449.89
1290.01
1320.95
1732.27
1397.49
1288.62
1427.84
1574.36
1919.55
1355.57
1474.53
1348.38
1210.94
1644.89
1456.45
1340.92
1559.43
1434.47
1209.76
1684.29
1458.34
1329.94
1766.11
1341.44
1652.54
1589.18
1871.71
1697.85
1270.05
1254.38
1680.78
1450.48
1339.39
1448.35
1546.39
1812.25
1497.04
1537.75
1696.86
1325.07
2029.14
1803.16
1868.57
1728.94
1749.32
1818.51
1631.34
1909.93
1735.27
1683.15
1576.1
1642.77
1580.05
1947.31
2219.63
1818.7
1464.99
1997.49
1920.56
1388.99
1149.89
1520.91
1505.66
1490.77
1604.21
1440
1331.64
1517.25
1437.73
1381.29
1722.13
1515.88
1674.09
1478.54
1386.13
1688.65
1519.28
1866.6
1464.65
1273.89
1245.67
1765.21
1341.93
1284.67
1199.51
1568.83
1465.86
1403.97
1392.42
1445.21
1606.66
1523.35
1431.9
1068.74
1292.17
1468.22
1449.92
1383.01
1332.37
1411.09
1513.64
1439.12
1452.14
1300.15
1412.48
1548.64
1316.96
1201.12
1522.8
1662.19
1760.58
1435.88
1359.76
1508.67
2108.97
1288.09
1581.93
1301.12
1315.81
1203.13
1917.44
1882.92
1693.98
1397.66
1579.72
1301.23
1389.57
1508.81
1444.56
1105.57
1534.31
2003.39
1129.72
1892
1218.74
1499.22
1346.69
1505.62
1890.5
1519.22
1403.7
1143.5
1646.41
1426.67
1529.82
1539.84
1226.18
1103.79
1379.8
1449.02
1307.04
1273.42
1373.22
1608.47
1476.91
1742.42
1505.72
1576.05
1656.76
1380.78
1824.05
1343.9
1442.35
1696
1429.52
1261.95
1427.54
1504.03
1481.75
1582.31
1619.12
1493.63
1353.53
1368.93
1314.85
1350.93
1201.1
1261.62
1822.47
1360.71
1239.51
1664.18
1618.9
1532.84
1284.53
1328.42
1791.43
1685.75
1194.63
1726.69
1707.2
1563.3
1760.28
1689.45
1931.8
1887.67
1254.72
1435.93
1328.84
1180.98
1310.34
1428.17
1651.4
1524.4
1666.88
1359.74
1590.49
1449.35
1392.47
1483.07
1225.2
1519.61
1891.13
1332.23
1831.41
1682.97
1686.88
1957.64
1236.18
1604.4
1703.09
1833.56
1627.9
1453.15
1554.26
1378.12
1315.17
1377.23
1365.7
1432.57
1657.38
1484.69
1671.24
1297.74
1402.98
1777.85
1409.69
1496.99
1920.96
1168.01
1159.6
1430.81
1568.96
2005.22
1346.16
1259.25
1468.86
1246.52
1429.36
1375.71
1112.35
1431.6
1506.54
1823.66
1842.72
1577.06
1847.56
1255.69
1438.01
1870.74
1629.98
1287.8
1989.77
1297.96
1491.94
1643.29
1354.31
1558.01
1591.82
1729.62
1433.54
1194.39
1267.24
1451.84
1699.97
1195.49
1678.09
1332.81
1586.02
1603.53
1255.4
1477.02
1750.58
1417.12
1745.47
1378.04
1381.84
1586.68
1679.99
1576.45
1330.77
1787.11
1467.46
1587.65
1395.5
2107.33
1480.46
1446.51
1537
1438.11
1421.98
1481.03
1669.78
1417.77
1494.32
2160.68
1278.56
1565.14
1853.36
1433.51
1330.29
1659.06
1528.68
1139.47
1677.79
1454.21
1345.87
1313.45
1769.06
1847.02
1539.08
1496.08
1639.72
1552.91
1629.21
1786.86
1452.31
1508.53
1670.9
1679.39
1466.01
1502.58
1298.3
1817.18
1384.86
1075.73
1530.75
1542.8
1724.86
1328.08
1533.5
1693.39
1171.83
1673.3
1297.36
1270.48
1216.82
1326.36
1626.31
1546.75
1594.88
1268.34
1915.87
1812.43
1428.14
1720.04
1218.03
1517.4
1518.56
1681.06
1627.83
1533.73
1721.96
1424.09
1570.72
1745.97
1805.88
1883
1412.9
1260.65
1270.58
1331.1
1734.6
1282.1
1430.67
1254.86
1614.05
1251.58
1452.75
1591.91
1336.92
1383.56
1031.04
1460.47
1355.04
1464.01
1754.23
1287.34
1496.09
1534.6
1707.73
1472.02
1452.98
1703.88
1633.15
1573.74
1421.97
1406.15
1654.85
1439.45
1159.84
1762.85
1564.02
2022.68
1522.26
1777.74
1567.75
1717.2
1824.22
1603.09
1785.98
1781.3
1536.97
1703.26
1609.58
1301.06
1940.19
1295.3
1274.96
1573.52
1364.43
1537.12
1791.84
1780.64
1928.32
1777.4
1373.89
1728.15
1854.77
1289.48
1698.74
1262.41
1588.58
1685.46
1593.48
1780.26
1869.57
1944.8
1260.51
1819.87
1523.65
1558.42
1495.58
1677.4
1321.55
1498.47
1369.19
1239.29
1104.66
1422.15
1355.96
1217.52
1391.53
1692.65
1502.23
1381.49
1446.3
1464.5
1450.77
1776.92
1746.1
1638.95
1266.87
1480.11
1463.24
1450.97
1471.02
1455.54
1771.08
1704.34
1356.19
1856.01
1558.9
1934.15
1929.62
1697.25
1936.77
1287.16
1762.68
1295.01
1349.77
1288.22
1601.35
1635.57
1528.96
1717.75
1304.58
1331.53
1319.96
1342.21
1193.02
1474.69
1211.22
1387.57
1636.37
1295.34
1327.6
1716.83
1207.41
1524.28
1434.62
1360.61
1497.1
1714.83
1502.96
1348.36
1458.42
1370.72
1143.95
1235.95
1418.54
1629.96
1557.9
1380.12
1476.79
1652.31
1268.5
1477.57
1671.37
1542.7
1431.62
1382.74
1791.89
1223.35
1506.05
1239.08
1348.5
1643.95
1450.2
1560.89
1478.71
2006.35
1575.9
1815.3
1824.58
1641.3
1672.52
1193.43
1341.79
1547.59
1562.55
1592.91
1626.5
1600.86
1240.16
1537.42
1315.26
1758.8
1473.58
1677.68
1558.5
1852.69
1526.52
1984.83
1404.79
1822.81
1965.48
1318.55
1408.04
1427.87
1425.87
1660.57
1340.76
1506.57
1241.32
1100.53
1768.59
1321.89
1519.4
1625.76
1664.99
1607.41
1361.95
1386.35
1197.09
1429.22
1782.13
1572.02
1376.76
1612.17
1559.2
1293.21
1498.65
1857.37
1645.93
1633.46
1456.27
1775.53
1788.53
1765.41
1261.35
1373.43
1744.55
1462.77
1480.28
1391.15
1613.88
1764.68
1366.32
1451.23
1850.21
1344.37
1724.36
1408.89
1759.07
1868.82
1595.19
1563.63
1357
1387.05
1453.15
1366.88
1817.02
1724.69
1678.43
1930.17
1595.23
1789.68
1563.52
1735.54
1859.14
2159.73
1577.19
1863.03
1626.2
1756.24
1672.97
1442.27
1209.11
1419.05
1339.65
1551.67
1625.9
1888.64
1715.12
2153.93
1215.64
1410.45
1390.52
1504.3
1371.74
1865.96
1682.95
1701.87
1137.95
1379.33
1451.02
1802.55
1746.55
1354.64
1170.24
1293.93
1282.75
1541.2
1496.87
1656.31
1479.56
1091.7
1400.03
1431.85
1474.69
1531.82
1396.37
1584.82
1165.38
1955.15
1601.52
1552.17
1558.68
1782.63
1294.36
1238.35
1688.86
1513.94
1972.75
1612.99
1580.92
1423.13
1554.61
1500.48
1159.5
1461.8
1802.6
1672.77
1503.21
1201.13
1514.35
1294.98
1492.96
1257.91
2112.53
1353.76
1447.69
1902.71
1599.53
1576.21
1334.26
1358.91
1505.82
1479.43
1622.37
1581.38
1745.21
1501.32
1701.86
1492.43
1370.37
1482
1599.26
1501.45
1674.71
1490.24
1315.23
1177.79
1698.17
1599.73
1271.57
1500
1164.59
1290.25
1860.87
1520.8
1306.29
1490.23
1576.5
1557.74
1654.47
1242.11
1275.25
1322.82
1525.13
1754.71
1359.27
1496.3
1604.33
1430.85
1651.3
1912.49
1370.67
1664.45
1223.4
1216.08
1332.3
1254.47
1666.32
1321.52
1237.59
1253.73
1352.01
1249.21
1273.4
1527
1247.49
1218.6
1275.43
1391.16
1170.8
1421.99
1512.5
1779.68
1618.08
1516.45
1341.02
1649.02
1488.64
1278.21
1360.95
1459.67
1790.33
1633.28
1376.6
1631.29
1485.11
1865.49
1623.59
1384.61
1303.95
1783.3
1566.28
1435.44
1396.76
1349.56
1320.38
1405.95
1297.89
1751.55
1240.18
1558.78
1431.19
1711.88
1268.33
1378.65
1472.16
1092.48
1797.47
1415.11
1401.06
1606.92
1199.22
1446.04
1331.49
1324.45
1215.65
1252.87
1357.46
1691.35
1132.79
1456.73
1433.34
2153.25
1658.19
1445.34
1471.44
1556.81
1650.56
1595.75
1331.65
1493.96
1491.77
1591.3
1132.69
1457.61
1515.35
1486.95
1283.57
1567.85
1494.07
1581.65
1818.33
1617.14
1770.12
2174.77
1430.5
1578.55
1663.61
1374.21
2012.37
1267.43
1330.74
1376.91
1383.57
1445.09
1212.38
1204.36
1281.22
1536.61
1412.24
1427.3
1808.37
1285.35
1344.21
1615.28
1326.54
1565.59
1123.21
1260.12
1273.1
1342.2
1420.3
1425.87
1766.22
1805.23
1372.56
1542.25
1164.48
1543.74
1376.01
1680.16
1291.17
1299.84
1396.61
1250.61
1565.03
1446.33
1337.43
1410.51
1338.25
1401.87
1481.11
1546.45
1431.51
1366.93
1422.01
1400.44
1498.03
1757.25
1710.81
1745.38
1700.95
1528.02
1361.36
1518
1317.03
1457.53
1501.12
1246.59
1364.58
1152.31
1375.6
1398.09
1426.01
1414.87
1130.27
1181.63
1388.14
1317.02
1204.31
1294.63
1407.83
1957.79
1370.98
1769.71
1577.31
1629.66
1693.62
1312.12
1322.62
1271.73
1409.34
1349.28
1994.74
1626.75
1398.83
1686.32
1458.36
1342.28
1216.92
1328.5
1205.44
1440.76
1397.52
1350.82
1351.07
1487.75
1500.13
1710.36
1610.83
1682.11
1188.11
1358.25
1358.27
1461.9
1423.85
1344
1422.51
1356.9
1641.56
1357.96
1738.69
1281.24
1389.36
1468.34
1292.3
1372.12
1615.86
1654.83
1942.05
1866.06
1398.61
1237.55
1580.1
1609.28
1335.46
1486.52
1594.84
1370.01
1487.38
1484.58
1530.25
1577.28
1652.83
1482.56
1812.82
1156.08
1314
1400.86
1345.11
1501.45
1512.44
1362.01
1283.01
1464.81
1750.15
1483.09
1445.95
1708.15
1482.07
1318.93
1333.95
1438.16
1578.04
1801.91
1382.95
1462.93
1325
1417.07
1370.75
1801.81
1514.53
1445.88
1604.94
1524.54
1506.85
1731.64
1745.59
1664.06
1508.9
1347.18
1410.27
1690.62
1449.01
1641.83
1656.71
1478.93
1651.06
1672.78
1602.72
1316.75
1525.83
1246.3
1224.74
1642.57
1287
1545.68
1268.52
1356.31
1320.14
1645.81
1546.39
1450.16
1524.31
1606.45
1490.16
1486.3
1865.11
1517.64
1644.57
1412.48
1623.25
1407.8
1794.72
1271.64
1621.23
1493.07
1558.18
1721.14
1504.04
1615.27
1448.98
1520.99
1483.32
1532.73
1987.99
1788.03
1413.05
2459.68
1296.98
1420.74
1472.35
1605.8
1268.2
1539.41
1544.78
1473.17
1549.73
1607.41
1911.28
1181.15
1282.05
1317.34
1180.66
1663.86
1288.99
1544.73
1309.48
1332.22
1505.93
1515.82
1498.24
1413.98
1651.3
1273.3
1350.87
1777.57
1915.89
1392.08
1334.16
1476.78
1426.13
1519.28
1354.36
1326.75
1401.31
1541.48
1438.88
1292.44
1349.61
1689.41
1312.65
1426.5
1411.76
1420.96
1443.91
1413.18
1384.8
1204.71
1353.35
1316.64
1516.44
1610.98
1612.29
1545.59
1360.94
1580.81
1458.18
1361.39
1554.01
1733.74
1490.89
1380.04
1645.8
1334.97
1383.25
1259.93
1604.55
1617.9
1466.74
1553.67
1860.38
1507.78
1526.06
1713.05
1383.04
1805.5
1253.32
1479.62
1507.26
1384.52
1520.08
1474.92
1441.01
1706.43
1436.89
1454.98
1412.35
1761.03
1383.21
1434.17
1184.57
1503.64
1334.57
1566.12
1778.11
1478.06
1030.31
1476.23
1256.46
1081.94
1400.39
1490.11
1274.7
1538.64
1340.59
1657.17
1513.37
1265.43
1500.91
1937.1
1653.48
1747.16
1394.04
1397.61
1448.13
1532.66
1230.8
1663.8
1500.9
1541.81
1527.73
1323.11
1429.85
1290.83
1480.21
1323.62
1464.5
1681.41
1578.29
1468.99
1394.23
1454.09
1801.85
1859.24
1453.34
1615.72
1591.62
1522.38
1368.44
1552.12
1139.57
1413.19
1380.21
1369.87
1325.32
1524.44
1340.45
1151.5
1321.87
1352.22
1231.88
1542.7
1372.24
1495.1
1534.48
1743.28
1417.6
1588.49
1484.88
1350.71
1839.09
1671.09
1163.7
1662.41
1266.92
1404.51
1457.02
1586.61
2228.13
1456.68
1614.56
1154.55
1401.78
1744.54
1840.35
1377.8
1511.12
1610.94
1561.59
1643.76
1515.02
1343.68
1629.59
1412.73
1610.62
1623.74
1930.59
1688.55
1612.85
1409.32
1520.2
1646
1852.01
1549.05
1267.16
1530.26
1870.68
1674.93
1959.47
1665.83
1662.12
1620.72
1511.78
1786.08
1864.89
1452.61
1472.92
1552.26
1592.62
1514.25
1649.74
1607.25
1733.32
1542.33
1169.66
1569.18
1187.82
1272.46
1434.85
1364.78
1952.73
1832.83
1651.58
1525.93
1434.1
1540.67
1576.1
1419.92
1841.45
1437.62
1385.97
1307.71
1645.56
1486.43
1554.32
1287.46
1568.97
1415.05
1629.02
1203.12
1605.14
1079.27
1757.73
1219.67
1422.76
1478.2
1506.36
1384.06
1634.81
1647.32
1716.18
1451.46
1626.96
1574.57
1287.58
1638.61
1398.69
1179.51
1267.7
1595.62
1432.85
1414.94
1597.7
1526.71
1815.85
1348.18
1314.8
1298.2
1727.96
1450.8
1528.34
1745.81
1457.4
1346.23
1434.37
1211.6
1593.06
1437.66
1788.12
1444.76
1695.45
1577.43
1591.59
1806.35
1461.61
1470.46
1497.85
1326.45
1785.64
1734.02
1372.9
1167.84
1310.93
1416.81
1423.86
1490.16
1339.43
1207.75
1450.89
1293.62
1393.27
1166.94
1282.12
1851.59
1306.64
1562.81
1458.02
1517.68
1681.23
1664.15
1754.18
1333.99
1552.77
1271.28
1384.73
1398.08
1402.29
1521.38
1139.25
1583.44
1803.4
1419.69
1484.54
1302.61
1382.04
1794.56
1762.33
1643.59
1533.32
1429.83
1651.92
1462.49
1354.41
1342.51
1639.24
1423.65
1545.74
1708.26
1528.85
1523.22
1371.1
1210.66
1526.04
1197.74
1519.8
1409.66
1465.76
1984.11
1502.42
1962.95
1592.34
1899.55
1703.2
1379.07
1765.5
1314.2
1543.29
1694.97
1805.88
1188.3
1561.11
1474.92
1198.36
1613.14
1312.86
1502.96
1586.11
1694.9
1420.48
1366.12
1781.46
1416.76
1330.35
1958.63
1266.19
1478.87
2096.13
1527.32
1562.51
1496.56
1522.67
1543.24
1288.72
1776.17
1734.08
1513.49
1543.54
1513.38
1254.89
1179.07
1740.17
1613.82
1393.1
1228.75
1277.1
1422.72
1500.11
1819.92
2015.64
1280
1628.51
1409.3
1323.61
1635.28
1971.66
1639.62
1286.24
1555.07
1794.17
1257.13
1681.52
1622.86
1174.13
1849.98
2052.12
1842.2
1502.37
1696.12
1632.64
1452.03
1921.27
1346.2
1809.99
1737.9
1734.97
1428.45
1625.8
1592.19
1724.79
1896.2
1511.04
1480.77
1412.57
1400.39
1635.76
1636.5
1450.46
1597.93
1617.75
1499.73
1512.71
1726.04
1315.38
1548.31
1591.81
1814.13
1439.51
1449.81
1906.3
1625.73
1227.79
1363.42
1385.7
1531.77
1761.61
1928.86
1837.29
1626.79
1690.08
1305.02
1356.59
1278.19
1439.56
1319.38
1315.28
1643.17
1534.4
1732.86
1345.19
1463.46
1355.94
1421.93
1828.66
1654.57
1395.61
1986.82
1909.38
1400.63
1014.89
1375.14
1722.03
1523.67
1731.35
1370.87
1716.76
1852.53
1470.94
1294.11
1876.33
1409.2
1303
1691.91
1162.33
1193.11
1289.3
1447.36
1383.02
1468.96
1608.84
1464.07
1606.49
1252.76
1549.96
1199.61
1425.02
1231.82
1435.39
1159.85
1312.62
1545.46
1442.23
1480.9
1412.2
1571.84
1633.24
1391.48
1735.54
1579.58
1508.73
1375.56
1336.53
1425.41
1247.05
1698.83
1714.26
1670.48
1815.57
1529.87
1342.2
1577.81
1445.88
1341.6
1779.71
1803.97
1582.92
1454.2
1420.73
1514.23
1621.47
1516.94
1478.71
1682.99
1662.52
1450.73
1203.48
1624.74
1563.41
1343.2
1387.1
1399.84
1796.78
1275.44
1380.42
1368.02
1443.24
1485.19
1483.96
1757.93
1191.82
1864.58
1499.1
1677.5
1632.97
1427.43
1669.12
1289.62
1445.09
1673.61
1539.11
1505.83
1317.84
1291.12
1430.42
1488.14
1369.41
1392.94
1496.89
1270.31
1774.78
1556.12
1350.06
1543.94
1828.06
1350.52
1634.74
1837.48
1548.54
1624.98
1193.49
1159.78
1239.17
1336.77
1340.13
1463.31
1595.9
1430.75
1578.9
1409.38
1867.37
1271.28
1441.1
1331.71
1772.58
1710.3
1529.72
1202.79
1520.2
1471.24
1781.58
1588.15
1443.37
1598.89
1742.18
1496.26
1805.93
1557.23
1422.34
1871.78
2004.31
1538.53
1333.98
1393.89
1616.94
1521.61
1469.26
1781.2
1750.71
1741.87
1593.33
1789.36
1560.53
1459.39
1881.81
1507.71
1284.7
1664.83
1306.31
1499.98
1432.36
1548.07
1457.62
1420
1513.06
1456.49
1480.44
1561.95
1996.56
1969.04
1802.63
1542.28
1966.98
1735.54
1432.54
1471.96
1436.74
1970.34
1849.72
1479.39
1952.01
1505.44
1586.01
1519.86
1855.7
1681.66
1918.54
1616.78
1336.74
1612.09
1494.82
1469.67
1903.9
1573.83
1589.12
1420.85
1449
1398.07
1229.65
1301.97
1389.48
1439.94
1191.73
1513.42
1200.49
1223.23
1490.46
1558.34
1228.81
1520.19
1673.85
1503.72
1838.82
1647.22
1608.1
1457.39
1378.49
1682.37
1453.94
1140.2
1205.15
1922.01
1539.96
1331.3
1298.73
1842.18
1552.38
1567.77
1378.14
1296.16
1557.31
1370.17
1123.72
1594.63
1396.26
1457.61
1270.93
1501.32
1469.55
1711
1445.37
1609.25
1316.41
1523.15
1532.67
1444.61
1098.21
1200.26
1296.34
1740.53
1482.81
1333.51
1362.26
1146.66
1514.79
1660.57
1719.99
1333.84
1895.68
1520.86
1281.05
1520.36
1519.69
2009.53
1489.66
2004.97
1842.42
1230.63
1733.41
1540.36
1818.12
1574.84
1188.24
1217.29
1334.63
1555.5
1430.25
1296.88
1790.93
1555.03
1228.45
1336.66
1423.01
1464.87
1447.3
1733.84
1782.91
1376.01
1629.67
1609.51
1960.21
1642.76
1596.73
1613.25
1328.26
1402.09
1926.94
1352.76
1432.78
1415.34
1743.14
1974.72
1530.77
1659.66
1322.99
1454.75
1500.73
1844.55
1468.15
1181.82
1549.18
1261.31
1127.44
1847.83
1400.48
1517.44
1558.21
1309.45
1788.86
1423.92
1438.78
1651.98
1527.06
1444.38
1878.69
1371.26
1452.66
1501.79
1521.7
1201.58
1310.36
1691.39
1261.64
1517.7
1706.89
1594.15
1421.67
1559.68
1409.33
1826.17
1755.72
1502.08
1496.57
1573.68
1732.3
1220.23
1672.83
1559.14
1290.79
1360.17
1255.17
1479.7
1698.53
1478
1548.53
1361.56
1401.34
1449.16
1276.16
1474.38
1439.24
1689.09
1293.57
1397.18
1450.81
1285.6
1210.2
1164.34
1250.4
1458.2
1292.62
1357.93
1473.66
1320.12
1458.92
973.513
1466.34
1324.93
1826.83
1431.58
1376.56
1331.65
1664.09
1427.66
1710.21
1322.21
1511.5
1288.44
1645.93
1660.39
1738.84
1377.43
1359.6
1229.55
1193.59
1350.59
1603.99
1487.94
1410.41
1428.32
1441.47
1240.57
1709.1
1402.46
1698.32
1853.93
1830.52
1119.83
1587.62
1466.28
1427.97
1362.3
1509
1648.89
1792.57
1768.85
1312.77
1352.21
1172.51
1467.48
1502.56
1943.51
1417.41
1522.86
1741.46
1429.17
1984.19
1565.52
1636.56
1400.97
1450.4
1252.47
1639.32
1692.71
1366.79
1697.61
1930.8
1440.08
1256.57
1619.62
1594.12
1889.68
1474.91
1220.29
1672.86
1392.42
1552.79
1565.57
1534.98
1563.03
1382.06
1297.2
1987.76
1420.65
1702.05
1674.95
1899.47
1266.06
1784.88
1299.13
1776.46
1347.97
1807.4
1505.65
1770.64
1885.41
1939.07
1663.24
1271.94
2158.06
1478.74
1566.09
1661.23
1416.22
1292.75
1504.43
1314.02
1318.14
1174.1
1629.47
1279.58
1430.43
1607.88
1369.98
1299.32
1384.12
1549.8
1711.15
1734.96
1423.79
1411.67
1371.89
1299.75
1451.87
1710.6
1530.73
1173.2
1319.21
1653.48
1323.47
1504.02
1611.22
1433.39
1707.08
1614.91
1579.56
1173.16
1595.56
1171.9
1155.82
1344.16
1223.31
1207.37
1551.42
1371.44
1341.92
1450.63
1888.37
1136.93
1502.83
1758.73
1307.37
1403.21
1383.01
1324.37
1632.49
1383.56
1542.48
1532.47
1516
1328.51
1558.08
1473.45
1236.19
1317.21
1428.03
1401.71
1629.55
1253.8
1576.21
