1.85908
1.85908
1.85908
1.21062
1.21062
1.21062
0.931572
0.726332
0.726332
1.6737
1.25462
1.25462
0.891761
0.891761
0.891761
0.891761
1.93177
1.93177
1.48153
1.48153
0.702186
0.702186
0.702186
0.702186
0.702186
0.784125
0.784125
0.784125
0.85216
0.308676
0.611244
0.611244
0.981253
0.981253
0.988689
0.988689
0.988689
0.988689
0.988689
0.772093
0.772093
0.772093
0.518957
0.518957
0.788369
0.788369
0.788369
0.808501
0.899692
0.899692
1.83452
1.40174
1.2201
1.2201
1.2201
1.2201
0.979257
1.2805
1.0871
0.973639
1.3915
1.34535
1.34535
1.08234
1.08234
1.08234
0.716273
0.716273
0.716273
0.716273
0.716273
0.886705
1.20093
1.20093
1.20093
1.24389
1.24389
1.03637
0.80084
0.80084
0.80084
0.85646
0.85646
0.85646
0.823638
1.49589
1.31255
0.641256
0.888675
0.888675
1.63525
1.63525
1.63525
1.22714
1.22714
1.94498
1.94498
1.94498
1.94498
2.46796
2.40849
2.06237
1.3443
0.785628
0.48
0.48
0.48
0.48
0.993182
0.775278
1.42024
1.53589
1.53589
0.689018
0.844107
0.844107
0.844107
0.702873
0.702873
0.702873
0.702873
0.965365
1.22706
0.859596
0.859596
0.525432
0.525432
0.525432
1.44794
1.44794
1.3472
1.4611
1.4611
1.4611
0.849833
0.849833
0.849833
0.757577
0.827054
0.827054
0.827054
0.827054
0.827054
0.827054
0.827054
0.648162
0.75695
0.75695
0.75695
0.75695
0.75695
0.75695
1.07133
1.07133
1.07133
1.07133
1.07133
1.07133
1.07133
1.40773
1.3186
1.3186
1.3186
1.3186
1.3186
1.3186
1.3186
1.3186
1.3186
1.33083
1.33083
1.32953
1.32953
1.32953
1.44589
1.25135
0.841786
0.841786
1.16876
1.16876
1.75091
1.75091
1.97438
1.14761
1.14761
1.14761
1.14761
1.14761
1.14761
1.14761
1.10535
1.10535
1.12676
1.12676
1.12676
1.12676
2.10212
2.10212
1.33743
1.33743
2.13818
2.13818
1.65543
1.58589
0.785988
0.323912
0.323912
0.323912
0.754583
0.754583
0.754583
0.754583
0.754583
0.754583
0.754583
0.754583
0.976926
0.976926
1.45441
1.31462
0.712571
0.712571
0.314595
1.22288
1.22288
1.22288
1.14669
1.14669
1.14669
0.527635
0.776241
0.776241
0.776241
0.776241
0.719872
1.24993
1.24993
1.24993
1.24993
1.02601
1.02601
0.568814
0.770742
0.380175
1.03601
1.03601
1.03601
1.03601
1.03601
1.50785
1.50785
1.50785
1.84829
0.909934
0.433738
1.02992
1.02992
1.02992
1.02992
0.726309
1.06169
1.08776
1.08776
0.856618
0.856618
0.856618
0.856618
0.856618
0.856618
1.36423
1.36423
1.62098
1.8737
1.8737
1.8737
1.8737
1.8737
1.8737
1.10579
1.10579
1.10579
0.775642
0.775642
0.775642
0.775642
0.663141
0.663141
0.647141
0.647141
1.39226
1.39226
1.39226
1.39226
1.39226
0.834861
0.834861
0.834861
0.834861
1.26309
1.26309
1.26309
1.26309
1.26309
1.26309
0.829369
0.829369
0.829369
0.829369
0.829369
0.409833
1.32677
1.32677
1.32677
1.01026
1.01026
2.12811
2.23811
2.23811
2.23811
2.27982
2.27982
2.27982
1.29282
1.29282
1.29282
1.82886
0.94799
1.17223
1.17223
1.19061
1.19061
1.19061
1.19944
1.19944
1.19944
1.19944
2.09969
2.09969
2.09969
2.09969
2.09969
2.20237
2.20237
2.20237
1.35214
1.35214
1.6688
1.6688
0.762828
0.762828
0.762828
1.00991
1.09429
1.09429
1.57795
2.5405
2.00096
2.00096
2.00096
2.00096
1.84577
1.24394
2.23634
2.23634
1.60961
1.60961
1.60961
1.60961
1.60961
1.60961
1.60961
0.888665
0.888665
0.888665
0.888665
0.888665
0.888665
0.888665
0.991705
0.991705
0.991705
0.543593
0.543593
1.61568
1.61568
1.85051
1.85051
1.85051
1.82117
1.82117
1.02215
1.02215
1.02215
0.996202
0.996202
1.4743
1.4743
0.559798
0.559798
0.725612
0.642233
0.642233
0.977502
1.33759
2.17938
1.57667
1.57667
1.02831
2.80233
2.31201
2.65193
1.99091
1.06543
1.27038
0.535269
1.15241
1.15241
1.15241
0.907023
0.920076
0.920076
0.920076
1.46985
1.46985
1.46985
1.46985
1.46985
0.890846
0.890846
1.32284
1.32284
1.91486
0.515734
0.515734
0.657024
1.42625
1.45512
1.45512
1.45512
2.00888
2.03902
2.03902
2.47699
2.65756
3.06877
1.77273
0.915679
0.915679
0.915679
0.915679
1.34234
1.34234
1.34234
1.34234
1.34234
1.81267
1.81605
1.27209
0.996434
0.996434
0.996434
0.996434
0.996434
0.996434
0.996434
0.996434
0.996434
0.996434
0.996434
0.996434
0.996434
0.996434
0.996434
0.996434
0.815722
0.815722
1.14271
0.835102
1.0899
0.457533
1.76574
0.670672
0.905425
0.905425
0.905425
0.805998
0.75249
0.806771
0.806771
0.806771
1.06735
1.06735
1.06735
1.01388
1.54289
1.58366
1.09597
1.09597
1.09597
0.826618
0.826618
1.0432
1.0432
0.893148
0.893148
1.73177
1.73177
1.73177
2.12875
1.94721
1.94721
1.94721
1.94721
1.98025
1.89838
1.62717
1.33879
1.33879
1.33879
1.33879
1.47867
1.47867
2.06636
1.50065
1.50065
1.50065
1.97009
1.97009
2.5722
0.973976
1.33048
1.55293
0.885182
0.885182
0.885182
1.42218
1.42218
1.42218
1.42218
1.42218
1.42218
0.96328
0.96328
0.96328
0.96328
0.96328
1.32251
1.32251
0.770896
0.99978
0.99978
1.31467
1.71658
1.71658
1.71658
0.884373
0.884373
0.884373
0.574027
0.574027
1.28607
1.28607
1.28607
1.28607
1.28607
1.28607
1.28607
1.28607
1.28607
1.66152
1.66152
0.992764
0.992764
0.992764
0.992764
0.992764
1.11085
0.722938
0.722938
0.722938
0.722938
0.722938
0.647439
0.647439
0.407879
0.514298
0.514298
0.514298
0.601812
0.601812
0.601812
1.06172
1.06172
1.08786
1.97468
1.67322
1.67322
1.67322
1.12547
1.12547
1.12547
1.98627
1.98627
1.05247
0.894619
0.894619
0.894619
1.59314
0.813572
0.813572
0.813572
0.813572
0.813572
1.17805
1.3798
1.3798
1.3798
1.3798
1.52894
1.52894
0.664853
0.664853
0.664853
0.664853
0.662588
0.662588
0.662588
0.662588
0.662588
0.605934
0.605934
0.605934
0.999655
0.999655
1.52211
1.52211
1.52211
1.20363
0.816664
0.816664
0.816664
1.24417
1.24417
1.24417
1.24417
1.99011
1.10379
1.10379
1.10379
1.11538
1.52572
1.52572
1.52572
1.52572
0.99505
0.99505
0.867464
0.867464
1.16384
1.16384
1.34147
0.873095
0.873095
1.16878
1.16878
1.1611
1.46218
1.51908
1.12657
1.12657
0.855636
0.855636
0.855636
0.855636
0.855636
0.794046
0.794046
0.794046
0.794046
1.40697
1.40697
1.40697
1.40697
1.40697
1.40697
1.40697
1.40697
1.40697
0.804203
0.804203
0.804203
1.14374
0.878027
0.878027
0.878027
0.878027
1.49267
1.49267
0.869435
0.869435
1.03446
1.03446
1.03446
0.949711
1.17106
0.714511
0.846218
0.846218
0.846218
0.846218
0.911309
0.911309
1.25689
1.1054
0.456216
0.456216
0.456216
1.69005
2.43297
2.43297
2.43297
1.76715
1.2704
1.2704
1.2704
0.502663
1.31399
1.31399
1.31399
1.36196
1.36196
1.36196
1.36196
1.36196
1.10968
0.737577
0.737577
0.708928
0.708928
0.708928
0.708928
0.708928
1.10115
0.519915
0.519915
0.519915
1.429
0.657355
0.657355
0.673749
0.673749
0.673749
0.673749
0.673749
0.673749
0.673749
0.617231
0.328485
0.965193
0.965193
1.21833
1.21833
1.21833
0.58377
1.0907
1.49373
1.49373
1.49373
1.72388
1.72388
2.09915
1.71552
1.71552
1.71552
1.36689
0.909606
0.909606
0.909606
0.909606
0.909606
1.22511
1.22511
0.933946
0.933946
0.933946
0.933946
0.933946
0.933946
0.933946
0.704939
1.49918
1.49918
1.49918
1.49918
0.75413
0.75413
0.912494
0.912494
0.912494
0.912494
0.368282
0.331963
0.470648
0.553225
0.842001
0.842001
0.816913
1.69388
1.69388
1.69388
1.02465
1.02465
1.16194
0.895197
0.895197
0.895197
0.895197
0.895197
0.895197
0.895197
0.697723
0.848859
0.848859
0.848859
0.848859
0.848859
0.848859
0.848859
0.847353
0.847353
0.606474
0.606474
0.606474
0.790299
1.14752
1.14752
1.14752
0.678658
0.678658
0.678658
0.678658
0.462932
2.10452
1.83878
2.10411
2.08532
0.948581
0.948581
0.948581
1.66634
1.66634
1.66634
1.41251
0.892403
0.964876
1.77539
1.77539
1.60203
1.60203
1.60203
1.60203
1.60203
1.63769
1.96099
1.53742
1.53742
1.71126
1.71126
1.71126
1.71126
1.79002
1.0426
1.1362
1.1362
1.1362
1.1362
1.6207
0.929118
1.18907
0.503998
0.598046
0.598046
0.817198
0.817198
1.29892
0.838518
0.838518
0.838518
0.838518
0.838518
1.76954
1.76954
1.54569
1.54569
1.54569
0.510287
0.510287
0.510287
0.605633
2.12273
2.18595
1.59912
0.903717
0.903717
0.903717
0.597931
0.597931
0.757198
1.03258
1.03258
1.03258
1.03258
0.849385
1.55018
1.89131
1.29532
1.65611
1.65611
1.71255
1.71255
1.40463
0.780295
0.780295
0.780295
0.780295
0.780295
0.780295
1.84615
1.84615
1.10687
1.30085
1.30085
1.30085
1.30085
1.31259
1.31259
1.31259
0.703033
0.703033
1.19187
1.19187
1.19187
1.19187
1.19187
1.19187
1.19187
1.19187
1.48893
0.698234
0.698234
0.820788
0.820788
0.820788
0.820788
0.820788
0.820788
0.820788
0.820788
0.820788
1.69442
0.696957
0.696957
0.696957
0.933863
1.15461
1.15461
1.15461
1.15461
0.445452
1.07779
1.07779
2.21112
2.21112
1.49335
1.35076
1.35076
1.34
2.15318
2.29612
1.75923
1.68251
2.89913
2.85327
2.85327
2.85327
1.90613
2.21637
1.40629
2.33729
2.33729
2.33729
2.21826
2.21826
1.13092
1.28736
1.28736
1.4888
1.4888
1.4888
1.70678
1.69281
1.69281
1.66518
1.77141
1.77141
2.31317
2.22623
1.54563
1.44953
1.44953
1.85871
1.85871
1.3457
1.3457
1.70773
1.17021
1.06263
1.13726
1.13726
1.13726
1.13726
1.13726
1.13726
1.13726
0.872745
0.872745
0.872745
0.628868
0.628868
0.848602
1.27986
1.27986
0.91082
0.546713
0.546713
0.986359
0.986359
0.986359
0.986359
1.36058
1.36058
1.36058
1.54743
1.59758
1.06576
1.06576
1.06576
1.20195
1.20195
1.2584
1.2584
1.2584
1.29871
0.737237
1.03543
1.03543
1.03543
0.866614
0.866614
0.866614
0.903694
0.903694
0.903694
0.903694
0.903694
0.903694
0.903694
0.903694
0.92744
1.65924
1.65924
1.6482
2.42353
2.42353
2.42353
2.42353
2.42353
2.64217
1.57036
1.57036
1.57036
1.57036
1.57036
1.57036
1.57036
1.57036
1.57036
1.57036
1.57036
0.788038
0.788038
0.769996
0.769996
0.769996
2.21247
1.0869
1.32353
1.32353
1.0511
1.0511
1.22493
0.973486
1.3847
1.08745
1.08745
1.08745
1.44977
1.44977
2.55617
2.74216
1.75971
1.81363
1.81363
1.71657
1.71657
1.84669
1.84182
1.07153
1.92895
1.90005
0.694892
0.694892
0.694892
0.686892
0.686892
0.686892
1.56741
1.56741
1.56741
1.56741
1.4668
1.4668
1.00707
1.40256
1.40256
0.971743
1.53325
1.53325
1.53325
0.936402
1.26811
1.26811
1.26811
1.25233
1.20052
1.20052
1.20052
1.20052
0.843504
0.843504
1.57023
1.57023
1.58188
1.58188
1.58188
1.58188
1.58188
1.58188
1.58188
1.58188
1.58188
1.58188
1.38401
1.38401
1.38401
1.38401
1.59971
1.59971
1.59971
1.55702
0.764673
1.58326
0.996139
1.04151
1.04151
1.23192
1.23192
1.23192
1.39825
1.39825
1.39825
1.40206
3.23391
2.52629
3.27058
3.04949
2.75859
2.75859
2.24548
1.27
1.54399
1.97632
1.97632
1.78497
1.78497
2.06794
2.02519
2.02519
1.93568
1.93568
1.93568
1.49964
1.49964
1.49964
2.54986
2.54986
2.54986
2.54986
2.54986
2.54986
2.18981
1.9533
1.9533
1.52868
1.52868
0.969353
0.969353
0.969353
0.969353
0.912184
0.912184
0.912184
0.568178
1.30104
1.30104
1.30104
1.66052
1.03606
2.12435
1.46528
1.46528
1.54689
0.973187
0.973187
0.973187
0.367319
0.772465
0.772465
0.772465
0.772465
0.772465
0.772465
1.30349
1.56251
1.1812
1.1812
1.0898
2.65704
1.31594
1.31594
1.31594
1.33314
1.33314
1.33314
1.33314
1.33314
1.33314
1.33314
1.33314
1.33314
1.33314
1.33314
1.33314
1.33314
1.33314
0.78659
0.606871
0.606871
1.49899
1.49899
1.49899
1.5575
2.26851
1.96411
1.96411
1.90227
1.90227
2.25555
2.25555
1.32316
1.72683
1.61068
1.98412
1.98412
1.10452
1.10452
1.10452
1.10452
1.10452
1.10452
1.74802
0.777075
0.553799
0.553799
0.505897
0.939446
0.649984
0.649984
0.624695
0.855899
0.855899
0.855899
0.855899
0.855899
0.855899
0.560463
0.560463
0.434788
0.434788
1.6189
1.00937
0.836937
1.65076
1.65076
1.65076
1.79436
1.79436
1.79436
1.37573
1.29378
1.29378
1.66581
1.66581
1.66581
1.66581
0.610921
0.610921
2.08335
2.08335
2.08335
2.08335
2.08335
0.714929
0.714929
0.950067
0.650417
0.650417
0.642463
0.642463
0.642463
0.938848
0.938848
0.938848
0.391179
0.427831
0.557367
0.557367
0.557367
0.557367
0.557367
0.557367
1.22684
0.937854
0.937854
0.542728
0.496566
0.736523
0.66681
1.29549
1.29549
1.1261
0.684137
0.946422
0.946422
1.1656
1.1656
0.79463
0.79463
0.79463
0.79463
0.79463
0.79463
0.444992
0.444992
0.444992
1.39231
1.80852
1.80852
0.965722
0.965722
1.41746
1.41746
1.41746
1.41746
1.41746
1.41746
1.57205
0.472739
0.472739
0.472739
0.552059
0.816847
0.71641
0.71641
0.71641
0.71641
0.71641
0.684087
0.684087
0.684087
0.924044
1.36983
1.36983
1.36983
1.36983
1.36983
1.36983
1.36983
1.36983
1.36983
1.36983
1.36983
1.36983
1.51751
1.85529
1.85529
1.85529
0.91801
0.91801
0.411257
1.22521
0.863614
0.863614
0.851517
0.851517
0.851517
1.64031
1.64031
1.64031
1.64031
1.34632
1.34632
1.34632
1.34632
1.78367
1.94737
0.797163
0.797163
1.19518
1.19518
1.41937
0.768845
0.642646
0.642646
0.642646
0.627561
1.0619
1.26371
1.26371
0.807088
0.874936
0.347788
0.511089
1.24812
1.24812
1.24812
1.24812
1.72236
1.68751
1.68751
1.68751
1.98854
1.98854
1.98854
1.35793
1.35793
1.35793
1.35793
1.35793
1.35793
1.35793
1.35793
1.1503
1.1503
1.1503
0.600825
0.600825
0.709549
0.757154
0.757154
0.729351
0.729351
0.729351
0.729351
0.729351
0.729351
0.729351
0.729351
0.611897
0.611897
0.76285
0.76285
0.76285
1.00903
1.00903
0.424931
0.424931
0.424931
0.424931
0.424931
0.424931
0.424931
0.424931
0.644188
0.644188
0.644188
0.644188
0.644188
0.644188
0.644188
1.25065
1.25065
1.25065
1.25065
1.25065
0.828445
1.40236
1.49753
1.49753
1.49753
1.49753
1.49753
1.49753
1.49753
1.49753
1.49753
1.49753
1.49753
1.49753
0.341316
1.1862
1.1862
1.1862
1.1862
0.471016
0.471016
0.471016
1.32317
1.32317
1.32317
1.32317
1.32317
1.32317
1.32317
1.32317
1.32317
1.32317
1.32317
1.32317
1.32317
1.28538
1.28538
1.28538
1.68149
1.68149
1.11788
0.783186
0.783186
0.783186
0.783186
1.14804
1.14804
1.14804
1.14804
1.14804
1.14804
1.14804
1.14804
1.02609
1.02609
0.904718
0.904718
0.904718
0.548123
0.868099
0.868099
0.868099
0.572675
1.25931
0.773468
0.773468
0.722142
0.722142
1.25931
1.25931
1.42866
0.693902
0.693902
1.44621
1.44621
1.44621
1.44621
1.44621
1.47903
1.47903
1.47903
1.47903
1.47903
1.12518
1.41085
1.41085
1.41085
1.58055
1.58055
1.03854
1.03854
1.03854
0.802874
0.802874
0.802874
0.802874
0.802874
0.573595
0.602403
0.781441
0.809767
0.839694
0.839694
0.866173
0.462613
0.90566
0.90566
1.03272
1.03272
0.663539
1.51786
1.51786
0.917114
0.917114
1.67587
1.51524
1.51524
1.51524
1.51524
1.07041
1.07041
1.07041
1.07041
1.07041
0.449792
0.449792
0.449792
0.449792
1.50242
1.54105
1.54105
1.54105
2.36189
2.36189
2.36189
1.92704
1.92704
1.92704
1.73734
1.73734
1.73734
0.507244
0.213531
0.213531
0.313237
1.72738
1.72738
0.892095
1.12801
1.12801
1.17008
1.17008
1.14601
1.14601
0.887988
0.887988
1.24657
0.263779
0.708642
0.651383
0.651383
0.374189
0.288132
0.288132
0.288132
0.288132
1.60192
1.60192
1.40353
1.40353
1.08939
1.08939
1.1368
1.27997
1.27997
1.09348
1.09348
0.940009
0.940009
0.824639
0.824639
0.824639
1.28946
0.669246
0.669246
0.669246
1.44937
1.44937
1.44937
1.44937
1.13288
1.13288
1.40865
0.925056
1.41743
1.32703
0.849023
0.756556
0.756556
0.756556
0.756556
0.756556
0.528056
0.528056
0.63189
0.63189
0.63189
0.63189
0.63189
0.669854
0.790227
0.790227
0.790227
1.49471
1.41637
1.40443
1.40443
1.30523
0.650852
0.650852
0.719474
0.782134
0.782134
0.782134
0.833839
0.635823
0.700974
0.700974
1.03425
1.03425
0.452813
0.452813
0.452813
1.21752
0.446565
0.446565
0.446565
0.446565
0.446565
0.446565
1.42316
1.42316
0.695502
0.695502
1.03848
1.03848
0.578266
0.578266
0.608383
0.608383
0.608383
0.608383
0.608383
0.608383
0.608383
0.608383
1.08292
1.01706
1.01706
0.780354
0.780354
0.808232
0.808232
0.207699
0.945998
0.94684
0.94684
0.924987
0.924987
1.31501
0.509929
0.509929
1.0953
1.0953
1.0953
0.800306
0.800306
0.800306
0.800306
0.800306
0.366178
0.835669
1.14086
1.14086
0.654361
1.26327
1.26327
0.581975
0.581975
0.631871
0.631871
0.399466
0.851031
0.811611
0.811611
1.11072
1.11072
1.11072
1.11072
1.11072
1.11072
0.622898
0.622898
0.622898
0.622898
1.30362
1.30362
1.30362
1.30362
1.46696
1.19155
1.72901
1.72901
1.72901
1.72901
0.687755
0.687755
0.70206
0.70206
0.788193
0.788193
0.788193
0.788193
0.788193
0.788193
0.288087
0.288087
0.401775
0.401775
0.655423
0.655423
0.655423
1.48516
1.48516
1.89752
1.33471
1.33471
1.33471
1.21522
1.21522
1.14156
1.14156
0.890493
0.641335
0.65129
0.630429
0.630429
1.34566
1.01259
1.01259
1.01259
1.23993
0.459553
0.56706
0.56706
0.56706
0.56706
0.58423
0.973472
0.973472
0.973472
0.973472
0.973472
0.973472
0.973472
0.973472
0.973472
0.973472
0.973472
2.20713
2.20713
2.20713
2.20713
1.64561
1.64561
1.64561
1.73028
1.20539
1.20539
1.20539
1.11334
1.12908
0.684358
0.684358
0.684358
0.684358
0.684358
0.684358
0.684358
0.494424
1.12948
1.12948
1.12948
1.12948
2.31854
2.31854
2.95442
2.95442
2.95442
2.96897
3.36076
3.36076
3.36076
4.05205
3.82724
3.81093
3.81093
3.81093
3.81093
2.69826
1.22444
0.323418
0.323418
0.408822
0.408822
0.408822
0.408822
0.408822
1.42028
1.42028
1.42028
1.42028
1.42028
1.38115
0.727212
0.98883
0.98883
0.963797
0.963797
0.963797
1.14779
1.50794
1.50794
1.50794
1.63067
1.85545
1.51042
1.51042
1.51042
1.51042
1.51042
1.51042
1.51042
1.51042
1.2784
1.2784
1.2784
1.2784
1.07907
1.07907
1.07907
1.07907
1.07907
0.945812
0.945812
0.945812
0.381171
0.601892
0.601892
0.557659
0.557659
0.53855
1.27663
1.10519
0.99384
1.08721
0.612428
0.612428
0.707574
1.04442
1.04442
1.04442
1.04442
1.04442
1.04442
1.04442
0.917276
0.917276
0.708661
0.915104
0.757098
1.41948
1.41948
1.41948
1.41948
1.8929
2.43085
2.43085
2.92506
3.24256
3.24256
2.78611
2.78611
2.75014
1.46112
1.46112
1.38601
1.38601
0.495241
0.514036
0.514036
0.514036
0.514036
0.514036
0.708718
0.549289
0.549289
0.788298
0.788298
0.788298
0.788927
0.788927
0.788927
0.347682
0.574531
0.763372
0.763372
0.763372
1.39873
1.39873
1.39873
1.39873
1.45362
0.811235
0.811235
0.850551
1.7872
0.961315
1.27816
1.27816
1.09682
1.37832
0.902259
1.58837
1.66828
1.44527
1.74204
1.74204
1.74204
1.50357
0.484234
1.54849
1.41011
1.41011
1.41011
1.76543
0.542525
0.542525
0.542525
0.542525
0.7585
1.4978
1.4978
1.4978
1.4978
0.572667
0.572667
1.07664
1.55431
1.55431
1.55431
1.32204
1.17563
1.17563
1.17563
0.573699
0.959147
0.959147
0.818903
1.16686
1.16686
1.16686
1.16686
1.16686
1.16686
1.16686
1.92402
0.456991
1.40506
1.45066
1.45066
1.45154
0.604524
1.07331
1.07331
1.07331
1.02009
0.456847
0.456847
1.26394
1.26394
1.26394
1.11895
0.527681
0.555872
1.50556
0.551365
1.08511
1.08511
1.08511
0.953267
1.26764
1.50196
1.10813
1.10813
1.10813
1.10813
1.10813
1.10813
1.05679
1.19379
1.19379
1.19379
1.07794
1.49171
1.49171
1.49171
1.49171
0.832502
0.832502
0.832502
0.832502
0.832502
0.68406
1.6696
2.01467
2.7435
1.10457
1.10457
1.10457
1.10457
1.10457
1.10457
1.39675
1.39675
1.13273
1.49461
1.42575
0.633679
0.571214
1.12058
1.12058
1.12058
2.3346
2.3346
1.4293
1.08138
1.76771
1.33409
1.53765
1.53765
1.21982
1.33643
1.33643
0.605367
0.605367
0.605367
0.605367
1.77461
1.77461
1.77461
1.77461
1.78559
1.71953
1.71953
1.71953
1.71953
0.880876
0.880876
0.880876
0.880876
1.3374
0.765328
0.765328
0.765328
1.02021
1.02021
1.02021
1.02021
1.60279
2.16707
1.8991
1.35412
1.35412
0.728385
0.728385
0.728385
0.728385
0.728385
0.728385
0.728385
0.783276
0.783276
1.45966
1.52345
1.52345
1.52345
1.46348
1.46348
1.46348
1.46348
1.46348
1.23165
1.23165
1.23165
1.23165
1.40906
0.799708
0.708776
0.708776
0.708776
0.708776
0.755682
0.755682
0.755682
0.755682
1.40518
0.834057
0.948634
0.948634
0.837714
0.837714
0.837714
1.44921
0.767547
0.660336
0.660336
0.660336
0.660336
0.660336
1.02098
1.02098
0.510562
0.510562
1.42361
1.25953
1.00977
1.00977
0.60549
0.868183
0.868183
0.868183
0.868183
0.868183
1.31232
1.31232
1.31232
1.31232
1.31232
1.31232
1.2111
1.2111
1.2111
0.623424
0.623424
0.623424
0.885746
0.885746
0.885746
0.79618
1.3848
1.3848
0.809339
0.809339
1.06875
1.06875
0.843922
1.24085
1.24085
1.24085
1.24085
1.24085
1.24085
1.24085
1.24085
0.801093
0.801093
0.801093
0.801093
0.801093
0.801093
0.801093
0.948627
0.760594
0.760594
0.760594
0.760594
0.760594
0.760594
0.760594
0.913442
0.913442
0.913442
0.913442
0.913442
1.34882
1.34882
1.34882
1.34882
1.34882
1.35395
1.13971
1.18832
1.18832
1.18832
1.09133
1.09133
1.09133
1.02398
1.02398
1.00746
0.495263
0.993548
0.522804
0.672504
0.691084
0.749527
0.550577
0.550577
0.550577
0.827384
0.827384
0.827384
0.827384
0.827384
0.827384
1.48974
1.69271
0.716298
0.716298
0.716298
0.716298
0.716298
1.99999
1.15154
1.15154
1.15154
1.15154
1.15154
1.15154
1.15154
1.15154
1.15154
0.915749
0.915749
0.915749
1.34067
1.34067
1.34067
1.34067
1.34067
1.34067
1.34067
1.15566
1.15566
1.15566
1.15566
1.40831
1.40831
1.40831
1.40831
1.40831
1.40831
1.40831
1.40831
1.40831
1.43395
1.43395
1.43395
1.45853
1.31437
1.31437
1.31437
0.863496
0.863496
0.863496
0.310723
1.00472
1.00472
1.00472
1.00472
1.14192
1.14192
1.14192
1.14192
0.52614
1.27738
1.27738
1.27738
1.27738
1.11873
1.45716
1.86302
1.86302
1.347
0.47441
0.47441
0.47441
0.897691
0.897691
0.897691
0.617903
0.617903
1.17661
1.17661
1.41989
1.41989
1.41989
0.636046
0.636046
0.636046
0.636046
0.636046
0.627154
1.31357
1.1138
1.1138
0.623293
0.718787
0.718787
0.718787
0.718787
0.718787
1.2473
1.2473
1.2473
2.31833
1.22106
0.831958
0.692625
0.692625
0.692625
0.692625
0.692625
0.319669
1.69139
1.11144
1.11144
1.07139
1.07139
1.20342
1.20342
1.20342
1.20342
1.20342
1.20342
1.05154
1.05154
1.05154
0.710139
1.52787
1.52787
1.2069
1.02647
1.02647
0.923827
0.923827
0.673981
0.750587
0.554475
0.554475
0.554475
1.18395
1.18395
1.18395
1.18395
1.34329
1.34329
0.827033
0.827033
0.331919
0.701222
0.701222
0.773547
0.773547
0.839368
0.839368
0.839368
0.839368
0.940729
0.940729
1.93761
1.93761
1.93761
1.93761
1.93761
1.05158
1.05158
1.05158
1.68855
0.257585
0.83226
0.83226
0.83226
0.83226
0.9735
0.78274
1.37996
1.13488
1.13488
1.13488
1.39445
1.39445
1.39445
1.45034
1.45034
1.12862
0.74748
0.74748
0.74748
0.74748
1.00513
1.00513
0.859202
1.82444
1.4196
1.4196
1.32379
1.32379
1.77691
1.70305
0.790901
0.464123
0.464123
1.83586
1.28171
1.5028
2.04549
2.04549
1.23946
1.23946
1.23946
1.26407
1.26407
1.08763
1.08763
0.703864
0.950054
0.950054
0.377223
0.377223
0.377223
0.377223
1.781
1.83316
1.83316
1.3954
1.3954
1.3954
0.650134
0.867976
0.867976
0.867976
1.77171
1.77171
1.77171
1.77171
1.77171
1.71106
1.71106
1.82912
1.1009
1.1009
1.07596
1.07596
0.822719
0.822719
0.721869
0.959485
0.959485
0.959485
1.24923
1.24923
0.803748
0.803748
0.803748
1.08359
1.23697
1.23697
1.23697
1.23697
1.23697
0.610246
0.985542
0.985542
0.454162
0.454162
0.712922
1.25339
1.25339
1.39644
1.39644
0.929636
0.929636
0.647689
0.647689
1.10746
1.10746
1.74825
1.20817
1.20817
1.20817
1.20817
1.20817
1.20817
1.20817
1.20817
1.20817
1.20817
1.20817
1.20817
1.20817
1.20817
1.49895
1.49895
1.17356
0.633095
0.633095
0.633095
0.633095
1.54541
1.83816
1.83816
1.68551
1.68551
1.68551
1.68551
1.80051
1.62277
2.228
1.64593
0.557181
1.31652
1.31652
1.80336
2.87983
2.87983
2.87983
2.87983
1.15308
1.40522
1.40522
0.416421
1.00407
1.00407
1.00407
1.00407
1.00407
1.00407
1.00407
0.432651
0.432651
1.02921
0.662002
0.355096
0.355096
0.899262
0.899262
0.899262
0.899262
0.899262
0.899262
0.899262
1.17434
1.17434
1.17434
1.17434
1.17434
1.17434
1.31418
2.3075
1.73198
1.73198
2.06572
2.18029
0.469295
0.681193
0.620336
0.558404
1.36944
1.36944
0.704542
0.729553
0.729553
0.489441
0.524551
1.79126
1.79126
1.79126
0.821698
0.607354
0.507961
0.507961
1.06081
0.597203
0.555818
0.900257
1.18916
0.92747
0.92747
0.92747
0.92747
0.92747
0.92747
2.4752
2.4752
2.4752
1.07553
1.28705
1.39444
1.15503
0.948676
0.729943
0.729943
0.75314
0.355055
0.678337
0.974381
0.974381
0.953256
0.953256
0.953256
0.953256
0.953256
0.537971
0.842063
0.560184
0.560184
1.25214
1.25214
1.25214
1.25214
1.25214
0.661696
0.6656
1.16116
1.48909
0.519284
0.700644
0.700644
0.664356
0.664356
0.664356
0.664356
0.664356
0.664356
0.664356
0.664356
0.42806
0.42806
0.208165
0.208165
0.208165
0.735793
0.735793
0.735793
0.962029
0.99544
0.99544
0.502066
0.502066
0.502066
0.502066
0.502066
0.502066
0.502066
0.389448
0.389448
0.389448
0.389448
0.389448
0.552127
0.559466
0.771334
0.771334
0.771334
0.771334
0.683314
0.683314
0.409145
0.409145
0.409145
0.761683
0.835716
0.835716
0.835716
0.835716
0.835716
0.635868
0.635868
0.635868
0.33073
0.33073
0.33073
0.329506
0.329506
1.13829
0.907345
1.34278
1.34278
1.39204
0.597889
0.597889
0.597889
1.54649
0.608924
0.608924
0.840647
0.840647
0.840647
0.846242
0.846242
1.17149
1.17149
1.30246
1.30246
2.14232
2.14232
0.763001
0.763001
0.763001
0.763001
0.819548
0.819548
0.233292
0.233292
0.578826
0.578826
0.578826
1.54102
2.28391
2.28391
1.77895
1.21462
1.1426
0.9975
0.9975
0.9975
0.9975
1.47889
1.21338
0.704634
0.704634
0.704634
0.704634
0.704634
0.704634
0.730819
0.995623
0.743406
0.743406
0.743406
0.460906
0.460906
0.460906
0.460906
1.12347
0.56677
0.56677
0.56677
0.56677
1.18587
1.18587
1.15964
1.15964
0.618687
0.618687
0.618687
0.6684
0.6684
0.6684
0.800036
0.800036
0.800036
0.800036
0.800036
0.800036
0.790774
0.790774
1.47956
1.47956
1.83006
1.83006
1.83006
0.528925
0.528925
0.305053
2.31626
2.31626
1.29649
0.358985
0.358985
0.638314
0.638314
0.800932
0.800932
0.800932
0.800932
0.800932
0.800932
0.800932
0.992788
0.992788
0.992788
1.44198
0.586227
0.804433
0.60385
0.60385
0.626809
0.626809
0.626809
0.626809
0.626809
0.626809
0.626809
0.626809
0.626809
0.552776
0.552776
0.552776
0.552776
0.552776
0.552776
0.552776
0.645023
0.922788
0.922788
0.922788
0.922788
0.922788
0.922788
0.922788
2.0078
2.0078
2.0078
1.51643
0.749212
0.749212
1.17536
1.17536
1.69482
1.69482
1.69482
1.69482
1.69482
1.69482
1.50939
0.827792
0.974137
0.974137
0.406862
0.406862
0.406862
0.406862
0.406862
0.406862
0.406862
0.583663
0.583663
0.583663
0.604615
0.604615
1.97353
1.97353
0.243553
1.06118
0.766332
0.766332
1.17191
1.17191
0.678137
0.678137
0.678137
0.678137
0.678137
0.678137
0.678137
0.678137
0.678137
0.678137
0.678137
0.678137
0.678137
1.13286
1.13286
1.13286
1.2759
1.2759
1.2759
0.793227
1.5863
1.5863
1.5863
1.50856
1.50856
1.50856
1.45183
1.1015
0.880722
0.880722
1.00783
1.00783
1.04921
1.04921
1.04099
0.630406
0.630406
1.23363
1.12897
1.12897
1.12897
1.20311
0.658709
0.973086
0.973086
0.973086
0.587043
0.587043
0.74803
0.641624
0.641624
1.20063
1.20063
0.880998
0.880998
0.880998
0.880998
0.880998
0.880998
0.737729
0.737729
0.737729
0.737729
1.21244
1.21244
0.666551
1.5666
1.5666
1.45067
1.35279
1.35279
1.26812
1.51277
1.01019
1.01019
1.01019
0.458076
0.921349
0.921349
0.866482
1.38333
1.38333
1.62926
1.62926
1.62926
1.62926
1.74471
1.81989
2.04863
2.04863
2.04863
1.95322
0.369182
0.369182
0.407194
0.407194
0.688005
0.49788
0.49788
0.623266
0.579026
0.584851
0.584851
0.584851
0.584851
0.584851
0.584851
0.584851
0.584851
0.584851
0.584851
0.584851
0.584851
0.584851
0.584851
0.658469
0.448299
0.448299
0.448299
0.603694
0.603694
0.603694
0.603694
0.603694
0.603694
0.603694
0.75905
0.760126
0.760126
0.760126
0.760126
0.468735
0.770729
0.770729
0.770729
0.770729
0.793295
0.793295
0.738351
0.738351
0.738351
0.738351
0.738351
0.738351
0.738351
0.738351
0.738351
0.738351
1.26436
0.579866
0.579866
0.988462
0.988462
0.988462
0.988462
0.939568
0.939568
0.939568
0.939568
0.939568
1.03688
1.03688
1.03688
1.03688
1.03688
1.03688
1.82303
1.82303
2.10858
1.60225
1.60225
1.60225
1.01415
1.01415
1.01415
1.01415
0.409889
0.409889
0.968307
0.968307
0.968307
0.968307
0.968307
0.968307
0.968307
0.659073
0.659073
0.811357
0.811357
0.811357
0.648971
0.648971
0.520687
0.520687
0.718593
0.718593
0.479127
0.479127
0.777919
0.680563
0.680563
0.680563
0.848068
0.706084
1.24626
0.432718
1.19446
0.7733
0.7733
0.7733
0.7733
0.7733
0.7733
1.03145
0.709896
0.709896
0.103246
0.103246
1.15235
1.15235
1.15235
1.15235
0.913085
0.913085
0.913085
0.913085
0.913085
0.913085
0.913085
0.913085
0.913085
0.703598
0.703598
0.879388
0.879388
0.558888
0.467653
0.467653
1.37989
1.09468
0.582996
0.582996
0.582996
0.582996
0.582996
0.582996
0.582996
0.582996
0.582996
0.176425
0.176425
0.176425
0.539092
0.646574
0.646574
0.646574
1.12793
1.12793
1.49007
0.297438
0.532537
0.585368
0.585368
0.585368
0.585368
0.585368
0.585368
0.585368
0.585368
0.585368
1.19947
1.19038
1.39205
1.39205
1.39205
1.39205
1.39205
1.39205
1.63899
1.63899
1.63899
1.63899
0.271386
0.713315
1.20886
0.954537
0.954537
0.954537
0.2551
0.619328
0.619328
0.619328
0.619328
0.619328
0.567674
0.567674
0.261553
0.368447
0.368447
0.683718
0.683718
0.516084
0.516084
0.516084
0.516084
0.789967
1.22494
0.97668
0.97668
0.336165
0.336165
0.336165
0.336165
1.09396
0.95194
0.958665
0.958665
0.958665
0.958665
0.958665
0.481681
0.481681
0.481681
0.637548
0.637548
0.637548
0.637548
0.637548
0.637548
0.637548
0.637548
0.637548
1.05508
2.21402
2.21402
1.13349
1.13349
1.13349
0.821806
0.860407
0.672251
0.672251
0.691774
0.691774
1.58553
1.58553
1.70268
1.21763
0.254074
0.654309
0.331874
0.331874
0.331874
0.224315
0.307079
0.307079
0.307079
0.307079
0.307079
0.307079
0.490258
0.490258
0.22217
0.556889
0.795053
0.795053
0.795053
0.634911
0.634911
1.04408
1.4013
1.4013
1.00179
1.3966
1.22902
0.503576
0.503576
0.503576
0.503576
0.503576
0.503576
0.503576
0.503576
0.673227
0.184605
0.391584
0.391584
0.391584
0.28488
0.28488
0.28488
0.28488
1.25032
0.686517
0.686517
0.682843
0.682843
0.682843
1.13439
0.492742
0.751956
0.751956
0.751956
0.751956
0.751956
0.293224
0.61546
0.61546
0.61546
0.61546
0.61546
0.844175
0.844175
0.844175
0.844175
0.520693
0.520693
0.609202
0.410804
0.410804
0.532318
0.532318
0.532318
0.532318
0.839904
0.839904
0.839904
0.839904
0.839904
1.08108
1.08108
1.08108
1.08108
0.540758
0.50822
0.764167
0.764167
0.764167
0.506815
0.781888
0.781888
0.840121
0.840121
0.840121
0.840121
0.840121
0.840121
0.840121
1.66881
1.66881
1.5772
1.5772
1.5772
0.926183
0.926183
0.447596
0.447596
0.447596
0.447596
0.447596
0.447596
0.938384
0.938384
0.938384
0.938384
0.938384
0.938384
0.918262
0.761844
0.761844
0.761844
1.10624
1.10624
1.03617
0.719833
0.753064
0.753064
0.753064
0.313321
0.313321
0.313321
0.3676
0.3676
0.759092
0.759092
0.759092
0.759092
0.759092
0.7632
0.7632
0.7632
0.927366
0.927366
0.927366
0.927366
0.927366
0.927366
0.927366
0.927366
1.05675
1.06051
1.06051
0.656201
0.656201
0.656201
0.656201
0.656201
0.471461
0.755077
0.604291
1.13695
1.13695
1.13695
1.13695
0.990524
0.993016
1.28476
1.28476
1.28476
1.28476
1.28476
1.39302
0.570055
0.570055
0.570055
0.570055
0.570055
0.570055
0.894806
0.894806
0.648873
0.849688
0.849688
0.849688
0.847073
1.54565
0.869392
0.361991
0.463716
0.463716
0.463716
0.463716
0.463716
0.463716
0.463716
0.463716
1.18521
1.18521
1.18521
1.01308
1.01308
0.990947
0.990947
0.706207
1.17913
1.17913
0.712491
0.712491
0.917915
0.917915
0.917915
1.30903
0.790399
0.790399
0.790399
0.623572
0.479257
0.760847
0.760847
0.760847
0.760847
0.760847
0.304297
0.535032
0.535032
0.556675
0.556675
0.442411
0.389746
0.10688
0.10688
0.10688
0.10688
0.10688
0.0686385
0.36677
0.36677
0.36677
1.13839
0.48028
0.48028
0.413123
0.700541
0.700541
0.700541
0.700541
1.65191
1.64973
0.498968
0.498968
0.498968
0.553128
0.679346
0.679346
0.555234
1.12987
1.1251
1.1251
1.53607
1.53607
0.390166
0.390166
0.691352
0.691352
0.419722
0.531932
0.531932
0.290177
0.63914
0.778225
0.952041
0.952041
0.952041
0.952041
0.409152
0.807905
1.19291
1.19291
1.07274
1.07274
1.07274
1.17701
1.17701
0.648667
1.09796
0.478357
0.381095
0.810979
0.810979
0.810979
0.810979
0.810979
1.39828
1.39828
0.943367
0.631548
0.55158
0.910739
0.910739
0.988259
0.988259
0.988259
0.988259
0.988259
0.988259
0.988259
0.988259
0.974988
0.974988
0.415343
1.00007
1.00007
0.933275
0.933275
1.80574
1.80574
1.80574
1.80574
1.66078
0.914258
0.914258
0.914258
0.402769
0.402769
0.402769
0.402769
0.315763
0.315763
0.315763
0.315763
0.315763
0.471934
0.471934
0.471934
0.496997
0.706088
0.624529
0.624529
0.624529
0.624529
0.624529
0.624529
2.23563
1.70719
1.70719
1.70719
1.28545
1.34306
1.34306
1.34306
1.33199
0.735341
0.735341
0.499469
1.4361
1.4361
1.4361
1.4361
1.4361
0.686337
0.61402
0.61402
0.61402
0.61402
0.682585
1.58466
1.06123
1.06123
1.54773
1.54773
2.06626
2.06626
2.02696
2.02696
1.36838
1.46762
1.40857
1.23221
1.23221
1.23221
1.23221
0.492891
0.492891
0.637834
0.637834
0.819964
0.973915
0.973915
0.973915
0.973915
0.777628
0.777628
0.777628
0.777628
1.28618
1.21283
1.21283
0.784654
0.698326
0.698326
0.404895
0.404895
0.539717
0.539717
0.463257
0.519108
0.519108
0.339107
0.610643
0.610643
0.610643
0.610643
0.610643
0.610643
0.610643
0.610643
0.809605
0.809605
1.2678
0.308273
0.308273
0.381991
0.381991
0.381991
0.939679
1.08095
1.08095
0.989104
0.989104
0.989104
0.372905
0.23068
0.353869
0.357693
0.357693
0.357693
0.714299
0.714299
0.437037
0.437037
0.437037
0.437037
0.80684
0.80684
0.715141
0.715141
1.32809
0.583919
0.583919
0.853686
0.853686
0.712067
0.712067
1.1976
1.1976
0.986142
0.865017
0.865017
0.865017
1.26749
1.26749
0.910077
0.910077
1.42887
1.20869
1.20869
1.43275
1.6143
1.6143
1.6143
1.6143
2.02369
1.76904
1.76904
1.47001
1.47001
0.912886
0.675759
1.0673
0.71966
0.71966
0.71966
0.726866
1.42707
1.42707
1.16216
1.24025
1.24025
0.268618
0.268618
0.576678
0.434277
0.305176
0.305176
0.623618
0.623618
0.83616
0.83616
0.825489
0.825489
0.825489
0.825489
0.824748
0.511535
0.509079
1.137
0.886936
0.886936
0.886936
0.886936
0.464364
0.677812
0.853947
0.853947
0.853947
0.853947
0.686423
0.686423
0.686423
0.686423
0.686423
0.686423
0.686423
1.15458
0.562123
0.882039
0.252659
0.252659
0.252659
0.252659
1.07053
2.11307
2.11307
1.27221
1.27221
1.27221
1.27221
0.935867
0.935867
0.35462
0.35462
0.35462
0.238309
0.238309
0.238309
0.238309
0.740017
0.740017
0.740017
0.522396
0.581843
0.581843
1.37801
1.30706
0.8656
0.8656
0.55101
0.871134
0.871134
1.08548
1.03148
1.03148
1.03148
1.07216
1.07216
0.436617
0.181613
0.241266
0.241266
0.299393
0.299393
0.755092
0.755092
0.764071
0.764071
0.764071
0.764071
0.764071
0.764071
1.94398
2.18602
0.886995
0.886995
0.886995
0.886995
0.352711
0.282216
0.282216
1.15957
1.04942
1.04942
1.07484
1.07484
1.07484
1.07484
1.07484
1.85949
1.85949
1.85949
1.85949
1.39538
1.39538
1.47935
1.47935
1.47935
1.47935
1.47935
1.47543
1.47543
1.47543
1.47543
0.835399
0.835399
0.835399
0.140468
0.140468
0.140468
0.140468
0.140468
0.140468
0.495271
0.495271
0.495271
0.495271
0.495271
0.495271
0.797081
0.797081
0.797081
0.797081
0.523167
0.532626
0.532626
0.532626
0.532626
0.532626
0.532626
0.532626
0.532626
0.532626
0.532626
1.18719
1.80321
1.80321
1.27416
1.27416
1.36233
2.14016
1.41967
1.41967
0.543694
0.543694
0.543694
0.543694
1.28078
1.63466
0.663585
0.842419
1.24722
0.866293
0.288334
0.413587
0.413587
0.413587
0.838839
0.60861
0.60861
0.743099
0.743099
0.826538
0.826538
0.826538
0.480604
1.61376
1.95891
1.22971
1.1768
1.1768
1.46882
1.46882
1.46882
0.886285
0.886285
0.886285
0.886285
0.886285
0.886285
0.487321
0.487321
0.83448
0.83448
0.83448
0.83448
0.83448
0.83448
0.83448
0.526445
2.0963
2.0963
2.0963
1.74758
1.42368
1.42368
1.46573
0.986969
0.986969
1.10212
1.10212
1.10212
1.10212
0.610519
0.610519
0.584149
0.584149
0.584149
0.584149
0.343407
0.343407
0.343407
0.265318
1.96037
1.96037
1.64926
1.64926
1.64926
1.64926
1.7722
1.08294
1.31584
1.31584
1.15189
1.15189
1.00657
0.597467
0.597467
0.737736
0.737736
0.593127
0.593127
0.593127
0.593127
0.593127
0.652445
0.74119
0.74119
0.661625
0.661625
0.40695
0.40695
0.39259
0.581075
0.581075
0.581075
1.27695
0.896547
0.896547
0.745283
1.11019
1.11019
1.11019
1.11019
0.954058
0.994391
0.615332
0.615332
1.29544
1.29544
1.29544
0.706659
0.706659
0.706659
0.706659
0.706659
0.706659
0.24149
0.24149
1.13055
1.13055
1.13055
1.13055
1.02485
1.02485
0.650864
0.650864
0.650864
0.650864
0.650864
0.650864
0.650864
0.650864
1.60449
1.60449
1.89137
1.89137
1.74886
1.74886
0.877982
0.877982
0.877982
0.877982
0.877982
0.877982
0.877982
0.877982
0.877982
1.25148
1.25148
0.865589
1.05487
0.586286
0.19809
0.19809
0.584906
0.584906
0.584906
0.584906
0.584906
0.535094
0.535094
0.535094
0.535094
0.535094
0.535094
0.894222
0.544651
0.544651
0.734135
0.734135
0.734135
0.734135
0.62837
0.62837
0.62837
0.740794
0.864305
1.63787
0.878536
0.878536
1.04157
1.04157
1.22173
0.501951
0.501951
0.501951
0.501951
0.68304
0.68304
0.613824
1.85079
1.52136
1.52136
1.52136
1.52136
1.52136
0.684252
0.649554
0.649554
0.649554
0.298145
0.401019
0.401019
0.376048
0.376048
0.376048
0.542893
0.542893
0.542893
0.68679
0.296602
0.374607
0.374607
0.374607
0.615777
1.01624
1.01624
1.01624
1.01624
1.01624
1.79764
1.91376
0.300369
0.300369
0.635121
0.635121
0.355579
0.355579
0.355579
1.1135
1.18803
1.08251
1.08251
0.724398
0.724398
0.724398
0.724398
0.579808
0.579808
0.579808
0.579808
0.579808
0.732048
0.646164
0.646164
0.505872
0.505872
0.506688
0.506688
0.506688
0.506688
0.506688
0.506688
0.506688
0.506688
0.506688
0.506688
0.506688
0.506688
0.506688
0.636131
0.636131
0.382054
0.382054
0.382054
0.382054
0.382054
0.382054
0.382054
0.382054
0.382054
0.382054
0.382054
0.382054
0.382054
0.634104
0.634104
0.717317
0.717317
0.717317
0.74628
0.753311
0.630558
0.461534
0.731463
0.731463
0.731463
0.731463
1.01889
1.17957
1.17957
1.17957
1.17957
0.572434
1.22237
1.71937
1.71937
0.454352
0.560829
1.01856
1.01856
1.01856
1.01856
0.926559
0.926559
0.926559
0.926559
0.926559
0.926559
0.926559
0.259028
0.177694
0.495953
0.402829
0.402829
0.309045
0.244185
0.657416
0.198613
0.198613
0.537052
0.537052
0.608094
0.543907
0.543907
0.543907
0.543907
0.498495
0.498495
0.498495
0.868394
0.890967
0.735612
0.735612
0.444422
0.444422
0.552069
0.552069
0.552069
0.552069
0.552069
0.810012
0.810012
0.810012
0.810012
0.810012
0.679649
0.679649
0.679649
1.16142
1.16142
1.16142
0.666005
1.18651
1.18651
1.18651
0.79531
0.79531
0.79531
0.970859
0.970859
0.970859
0.970859
0.970859
0.970859
0.970859
1.04832
1.04701
1.04701
1.04701
1.04701
1.04701
1.04701
0.893018
0.893018
0.893018
0.673709
0.673709
0.756707
0.756707
1.1413
1.39639
1.39639
1.56564
0.936889
0.9328
1.28459
1.03795
1.03795
1.03795
1.03795
0.963479
1.25838
0.88363
0.826362
0.826362
0.826362
0.826362
0.901926
0.901926
0.622852
0.622852
1.46552
2.14537
1.6645
1.61677
1.61677
0.483281
0.602923
0.602923
0.16089
1.13105
1.13005
1.05558
1.05558
1.05558
1.6743
0.70942
0.70942
0.70942
0.70942
0.70942
0.70942
0.70942
0.70942
0.70942
0.70942
0.70942
0.921293
0.921293
1.07573
0.61603
0.61603
0.61603
0.61603
0.731734
0.731734
0.731734
0.731734
0.731734
0.731734
0.731734
0.731734
0.344802
0.344802
0.344802
0.344802
0.344802
0.938748
0.938748
1.05553
1.23995
1.23995
0.703993
0.948956
0.516349
0.516349
0.731126
0.718177
0.718177
0.718177
0.718177
1.14699
0.413093
1.34159
1.34159
1.34159
0.787831
0.7939
0.7939
0.7939
0.7939
0.7939
0.858349
0.858349
0.858349
0.378782
0.378782
0.210242
0.812415
0.812415
0.812415
0.720664
0.720664
0.720664
1.35322
1.35322
0.429507
0.429507
0.490277
0.490277
0.490277
0.490277
0.490277
0.490277
0.564885
0.564885
0.564885
1.50321
0.959896
0.959896
0.959896
0.336608
0.845628
0.845628
0.773976
1.16483
0.390498
0.527906
0.527906
0.883576
1.19856
1.24303
1.24303
1.24303
1.54125
1.23341
1.23341
1.23341
1.23341
1.23341
1.23341
0.618452
0.618452
0.618452
0.618452
0.440522
0.440522
0.894982
0.894982
0.894982
0.894982
0.502326
1.68104
0.816056
0.626749
1.34648
1.39378
1.3588
0.950218
1.39315
0.431806
0.431806
0.431806
0.506672
0.64541
0.64541
0.64541
0.64541
1.05092
1.17941
1.61246
1.54165
1.6119
1.26457
1.76717
1.22055
1.05483
1.05483
1.05483
1.24144
1.16307
1.65045
1.71883
1.71883
1.18276
1.18276
1.39352
1.27541
1.27541
1.35898
1.35898
1.35898
1.35898
1.35898
1.35898
1.35898
1.35898
1.35898
1.50564
1.50564
1.50564
1.50564
1.46445
0.567064
1.33204
1.33204
1.33204
1.33204
1.53884
1.56019
1.56019
0.207014
1.28325
1.28325
0.820979
0.820979
1.18267
0.418554
0.418554
0.685918
0.858254
0.782031
1.34593
1.29075
1.24187
0.65814
0.685299
0.341577
0.341577
0.341577
0.341577
0.341577
0.407586
0.407586
0.407586
0.343296
0.343296
1.26216
1.26216
1.26216
1.26216
1.26216
1.26216
1.9602
1.45834
1.45834
1.45834
1.41808
1.34186
1.34186
1.4762
1.4762
0.617662
1.46049
0.41714
0.41714
0.353739
0.579147
0.579147
0.579147
0.579147
0.445492
0.445492
0.578265
0.235786
0.248549
0.248549
0.248549
0.248549
0.248549
0.248549
0.248549
0.248549
0.248549
0.248549
0.248549
0.52192
0.566049
0.566049
0.566049
0.566049
1.03199
0.534484
0.534484
0.842357
0.755674
0.755674
0.808885
0.808885
0.808885
0.808885
0.808885
1.11756
0.901876
1.19476
0.516564
0.516564
0.516564
0.516564
0.516564
1.06071
1.06071
1.06071
1.06071
1.16043
1.16043
1.16043
1.16043
0.744646
0.744646
0.744646
0.744646
0.744646
0.323945
0.323945
0.323945
0.637388
0.931036
0.931036
0.442853
0.66073
0.66073
0.66073
0.66073
0.66073
0.66073
0.66073
1.13453
0.510282
0.510282
0.510282
0.510282
0.293034
0.293034
0.463987
0.463987
0.463987
0.327557
0.681528
0.681528
0.681528
0.681528
0.628652
0.628652
0.771349
0.646549
0.894599
0.864161
1.35258
1.35258
1.72654
1.72654
1.37943
1.37943
1.37943
1.4645
1.4645
0.910024
0.910024
0.272912
0.705919
0.705919
1.45669
1.45669
1.08372
1.08372
1.08372
1.08372
1.08372
0.93679
0.93679
0.93679
0.312148
1.38566
1.38566
0.745577
0.600977
0.600977
0.298669
0.63236
0.222792
0.222792
1.37061
0.723388
0.352707
1.53778
1.53778
1.53778
1.38647
1.30998
0.948718
0.948718
0.698026
0.483395
0.483395
0.483395
0.483395
0.369412
1.20076
1.20076
1.28584
1.22628
0.574402
0.574402
0.574402
0.574402
0.574402
0.863475
0.863475
0.863475
1.23536
1.23536
1.23536
1.23536
0.987073
0.750917
0.401367
0.401367
0.982206
0.982206
0.982206
0.982206
0.982206
0.909466
0.544729
0.544729
0.544729
0.544729
0.372888
0.710135
0.710135
0.710135
0.710135
0.281159
0.281159
0.281159
0.206179
0.402157
0.402157
0.402157
0.402157
0.344945
0.838257
0.838257
0.532167
0.610638
2.11583
1.34233
1.34233
0.268207
0.5196
0.5196
0.5196
0.5196
0.5196
0.5196
0.5196
0.58851
0.65989
0.65989
0.65989
0.65989
0.818835
0.818835
0.818835
0.818835
0.818835
0.68266
0.904955
0.904955
0.223982
0.742233
1.30753
1.30753
1.30753
0.755469
0.682652
0.682652
0.973896
0.973896
0.973896
1.06519
0.382381
0.382381
0.382381
0.864641
0.864641
0.864641
0.864641
0.58219
0.515655
1.42759
1.43042
1.43042
0.685062
0.685062
0.387483
0.387483
0.58436
0.58436
0.44154
0.44154
0.44154
0.0972049
0.210005
0.210005
1.10549
0.937476
0.937476
1.63272
1.4669
1.28552
1.28552
0.462818
0.341303
0.584729
0.584729
0.584729
0.584729
0.584729
0.584729
0.283806
0.283806
0.424491
0.424491
0.890215
0.534715
0.534715
0.871465
0.871465
0.871465
0.871465
0.871465
0.871465
0.871465
0.475037
0.980507
0.980507
0.980507
0.980507
0.915272
0.915272
0.915272
0.947745
1.30788
0.386203
0.386203
0.386203
0.386203
0.386203
0.386203
0.386203
0.386203
0.386203
0.386203
0.628965
0.628965
0.822503
1.72691
0.238294
0.238294
0.28176
0.28176
0.765255
0.378381
1.06065
1.07753
0.656868
0.59206
0.59206
0.59206
0.59206
0.457441
0.457441
0.457441
0.457441
0.457441
0.457441
1.12396
1.12396
1.12396
0.515475
0.515475
0.522901
0.522901
0.977158
0.577589
0.860176
0.587144
0.640782
0.640782
1.20897
1.20897
0.869876
0.813668
0.616491
0.616491
0.616491
0.616491
0.616491
0.994484
0.959955
0.959955
0.817029
1.1816
1.1816
1.1816
0.743581
0.903914
0.903914
0.903914
0.903914
0.903914
0.903914
0.903914
0.903914
0.903914
0.903914
0.903914
0.903914
0.903914
1.70494
1.70494
1.34479
1.17315
1.17315
1.17315
1.81612
1.81612
1.57223
1.70127
1.76243
0.969188
0.969188
0.990295
0.801451
0.564214
0.564214
0.564214
0.564214
0.564214
0.564214
0.655317
0.655317
0.655317
0.485076
0.463197
0.527552
0.527552
0.527552
0.527552
0.527552
0.527552
1.08617
1.08617
1.08617
1.08617
1.65623
1.34956
1.34956
1.34956
1.46877
1.91061
2.10104
0.484165
0.73977
0.620464
0.620464
0.606218
0.606218
0.606218
0.606218
0.606218
0.606218
0.980528
0.980528
0.980528
0.980528
0.980528
1.10465
1.10465
1.10465
0.879457
0.879457
0.879457
0.879457
0.879457
0.781077
0.781077
0.781077
0.72877
0.72877
0.72877
0.72877
0.73054
0.73054
0.73054
0.73054
0.73054
0.73054
0.570664
0.570664
0.89313
0.96906
1.0828
1.0828
1.04977
1.65991
0.362223
0.362223
0.372006
0.824818
0.824818
0.824818
0.824818
1.03515
0.837834
0.473551
0.261594
0.864346
0.864346
0.864346
0.864346
0.864346
0.25149
0.481923
0.605459
0.605459
1.08686
0.874921
0.874921
0.874921
0.820366
0.820366
0.524722
0.524722
0.713875
0.695987
0.839529
0.839529
1.06871
1.06871
1.06871
0.845499
0.845499
0.526109
0.506542
1.04529
1.12843
1.19945
1.19945
1.4022
1.12585
1.12585
1.28522
1.29895
1.29895
1.29895
1.29895
1.29895
0.871067
0.419973
0.419973
0.419973
0.419973
0.419973
0.419973
0.419973
0.439754
0.766548
0.766548
0.766548
0.23232
0.23232
1.49793
0.77792
0.77792
0.77792
0.77792
0.711004
1.11111
1.15589
1.15589
0.985326
0.985326
1.24453
1.32785
1.30485
1.30485
0.760907
0.760907
0.588303
0.588303
0.819343
0.819343
0.847492
0.450895
0.450895
0.451447
0.451447
0.451447
0.907978
0.907978
0.985584
1.1479
2.42675
2.42675
1.75385
1.75385
1.50215
0.723907
0.367836
0.951166
0.458515
0.49342
0.908954
0.750812
0.750812
0.750812
1.03961
1.03961
1.03961
1.03961
1.01053
1.01053
1.09947
1.493
1.36351
0.860918
0.690818
0.690818
0.690818
0.690818
0.959404
1.34253
0.452594
0.452594
0.452594
0.452594
0.452594
0.452594
0.452594
0.452594
0.667006
0.637126
0.507518
0.507518
0.925311
1.18854
0.732357
0.200812
0.200812
0.200812
0.200812
0.200812
0.200812
0.427696
0.233089
0.469624
0.469624
0.701427
0.701427
1.31645
1.31645
1.31645
1.31645
1.31645
1.31645
0.995467
0.995467
0.995467
0.664411
0.664411
0.664411
0.664411
2.15058
2.2292
0.925583
0.582391
0.582391
1.10576
1.10576
1.10576
1.10576
0.682705
0.95482
1.09631
1.09631
1.16184
0.768611
0.768611
0.768611
0.768611
0.625148
0.625148
0.625148
0.625148
0.625148
0.625148
0.625148
0.625148
0.567243
0.436794
0.759059
0.975701
0.975701
0.975701
0.975701
0.975701
0.975701
0.975701
0.59776
0.85275
0.85275
0.563773
0.563773
0.563773
0.563773
0.563773
0.563773
0.560977
0.782267
0.782267
0.473983
0.31408
0.385012
0.403816
0.337197
0.713098
0.910131
0.910131
1.63972
0.940273
0.940273
0.970108
0.980638
0.980638
0.980638
0.980638
1.05548
1.05548
1.05548
0.383174
0.677808
0.959036
1.59384
1.20858
1.29258
1.29258
0.973357
0.973357
0.973357
0.973357
0.422981
0.422981
0.703199
0.703199
0.758894
0.758894
0.758894
0.718265
0.48416
0.48416
0.656846
0.656846
0.656846
0.903576
0.903576
0.593991
0.593991
0.593991
0.447656
0.447656
0.447656
0.447656
0.367124
0.88989
0.665964
1.57794
1.57794
1.57794
2.18538
2.18538
2.29403
2.29403
2.33082
2.33082
1.98131
1.98131
1.98131
1.98131
1.75241
1.58553
1.42936
1.41231
1.41231
1.41231
1.41231
0.605217
0.605217
0.605217
0.605217
0.605217
0.605217
0.710797
0.505528
0.505528
0.505528
0.505528
0.505528
0.564138
0.564138
0.564138
0.564138
0.564138
0.564138
0.564138
0.903669
0.903669
0.903669
0.903669
1.19719
1.19719
1.19719
1.19719
1.19719
1.19719
1.19719
1.11463
1.00224
0.599732
0.599732
0.599732
0.376058
0.376058
0.756913
0.756913
0.885495
0.675136
0.675136
0.675136
0.675136
0.675136
1.12232
0.654693
0.654693
0.654693
0.654693
0.654693
1.49835
1.33817
1.33817
0.769524
0.769524
0.769524
0.769524
0.388514
0.388514
0.725324
0.622559
1.04003
1.04003
0.790376
0.962649
0.962649
0.962649
0.962649
0.962649
0.410284
0.410284
0.410284
0.780625
0.442354
0.251298
0.824829
0.824829
0.824829
1.21562
0.658059
0.658059
0.271434
0.331502
0.331502
1.26851
1.26851
1.26851
1.26851
1.5315
1.6271
1.75221
1.04684
1.04684
1.04684
0.751309
0.751309
0.751309
0.751309
0.751309
0.765562
0.765562
0.765562
0.765562
0.765562
0.765562
0.335303
1.112
1.12545
0.809942
0.809942
0.809942
0.832326
1.43563
1.43563
0.606771
0.606771
1.32597
1.32597
1.32597
0.961892
1.14116
1.14116
1.14116
1.14116
1.14116
1.19185
1.64182
1.64182
1.64182
1.17373
1.17373
1.17373
1.18432
1.23537
1.10278
1.10278
1.10278
1.10278
1.10278
0.860558
0.704004
1.13703
1.13703
0.723275
0.723275
0.788249
0.650246
0.650246
0.650246
0.650246
0.650246
0.650246
0.650246
0.450619
0.450619
0.450619
0.450619
0.702526
0.702526
0.858598
0.723393
1.21927
1.21927
1.21927
1.21927
1.50009
1.50009
1.76197
1.76197
1.76197
2.06203
1.1299
1.1299
1.1299
0.381196
0.381196
0.381196
1.08607
1.08607
1.08607
1.08607
1.08607
1.08607
1.08607
1.08607
1.08607
0.943035
0.943035
0.943035
0.943035
0.648721
0.648721
0.648721
0.648721
0.648721
0.648721
0.648721
0.648721
0.478421
0.478421
0.478421
0.478421
0.437138
0.437138
0.560901
0.515427
0.911302
0.911302
0.911302
1.0544
1.0544
1.0544
1.0544
1.0544
1.0544
1.0544
1.0544
0.374063
0.56391
0.56391
0.961888
0.961888
0.961888
0.961888
0.961888
0.961888
1.15166
1.15166
1.15166
0.919948
0.919948
1.40579
0.74183
0.74183
0.515921
0.515921
0.515921
0.515921
0.515921
0.515921
0.215927
0.606968
0.978176
1.24891
1.24891
1.31149
1.31149
1.2979
1.2979
1.11299
1.11299
1.11299
0.742609
0.742609
0.742609
1.21232
1.21232
0.482697
0.482697
0.995068
0.995068
0.995068
1.22298
1.22298
1.22298
1.22012
0.676072
0.222225
0.222225
1.34788
0.99203
1.03316
1.06559
1.06559
1.06559
1.06559
1.06559
0.526693
0.620782
0.620782
0.729348
0.729348
0.729348
0.889806
0.889806
0.889806
0.889806
0.52162
0.755963
0.755963
0.755963
1.57332
0.647819
0.615433
1.27409
1.27409
1.27409
1.27409
1.27409
0.495085
0.495085
0.495085
0.776074
0.504102
0.504102
0.504102
0.677843
0.225758
0.225758
0.225758
0.225758
1.11775
0.975138
1.35252
1.84166
1.84166
1.84166
1.84166
1.84166
1.84166
1.74487
1.36309
0.851382
1.31014
1.31014
1.13652
0.583152
1.80316
0.176437
0.812705
0.49606
0.49606
1.58169
1.58169
1.58169
1.58169
1.92956
1.66165
1.66165
1.66165
1.80896
1.76984
1.27115
0.687652
1.38079
1.11518
1.11518
1.11518
1.11518
1.19447
0.664197
0.664197
0.585214
0.832299
0.832299
0.832299
0.832299
1.19548
1.19548
1.19548
1.19548
1.19548
1.19548
1.19548
1.19548
1.19548
1.19548
1.23794
1.23794
1.23794
1.23794
2.30601
2.24158
1.42341
1.04982
1.10693
1.10693
0.681273
0.681273
0.869842
1.10139
0.649181
0.559268
0.559268
0.760263
0.760263
0.760263
0.580753
0.49571
0.49571
0.730343
0.730343
0.922843
0.922843
0.312753
0.312753
0.312753
0.312753
0.529559
0.529559
0.529559
0.529559
0.376447
1.45226
0.896012
0.896012
0.896012
0.782129
0.665763
0.432113
0.658995
0.658995
1.0915
0.822808
0.822808
0.915686
0.993535
0.586131
0.586131
1.47779
0.276961
0.470669
0.470669
0.470669
1.3346
1.57789
1.57789
2.34345
0.821054
0.795665
0.795665
0.795665
1.56475
1.56475
1.56475
0.41686
0.41686
2.33255
2.33255
2.33255
2.33255
2.33255
2.4305
2.4305
0.244415
0.302762
0.302762
0.302762
0.733757
0.733757
0.733757
0.733757
0.733757
0.733757
0.733757
0.66704
0.401112
0.401112
0.401112
0.487434
1.07479
1.07479
1.07479
1.07479
1.07479
0.9405
0.734271
0.734271
0.734271
0.734271
0.734271
1.65211
1.65211
2.42336
1.59446
1.59446
1.59446
0.754838
0.754838
0.754838
0.754838
0.754838
0.754838
0.754838
0.754838
0.754838
0.720947
0.720947
0.720947
0.780756
0.780756
0.780756
0.634962
0.634962
0.634962
0.634962
0.225006
0.225006
0.225006
0.225006
0.404992
1.614
1.614
1.614
1.46883
1.46883
1.46883
1.46883
1.31039
0.794526
1.63608
0.789507
0.789507
0.789507
0.789507
0.520359
0.520359
0.382226
0.382226
0.382226
0.693688
0.58239
0.58239
0.978121
0.978121
0.978121
0.978121
0.978121
0.978121
0.978121
0.978121
1.47975
1.47975
1.47975
1.47975
0.798067
0.798067
0.798067
0.798067
0.798067
0.798067
1.57152
1.5782
1.5782
1.34519
1.48435
1.48435
1.48435
1.48435
1.48435
1.0743
0.981104
0.981104
0.981104
0.981104
0.73642
0.73642
0.73642
0.73642
0.73642
0.73642
0.916712
1.39988
0.52953
1.62243
0.937677
0.937677
0.937677
0.407519
1.49242
0.839217
0.839217
0.839217
0.922384
0.983448
0.983448
1.17795
0.71563
0.553859
1.04283
1.04283
1.04283
1.04283
1.42227
1.42227
1.57173
1.57173
1.57173
1.63516
1.63516
0.178409
0.178409
1.84125
1.84125
0.318025
0.99272
0.501698
0.501698
0.827594
0.827594
0.827594
0.595147
0.956813
0.956813
0.610786
0.610786
0.95197
0.95197
0.95197
0.95197
1.60091
1.60091
1.60091
1.60091
1.60091
1.60091
1.60091
1.60091
1.57402
1.57402
1.57402
1.04304
1.04304
1.04304
1.04304
1.04304
0.593743
0.593743
0.593743
0.593743
0.593743
0.593743
0.799096
1.54764
0.86036
0.86036
0.86036
0.389957
0.227851
0.721198
0.952139
0.952139
0.486765
1.00947
1.36073
1.36073
1.36073
0.703508
0.703508
0.703508
0.703508
0.703508
0.703508
0.703508
0.703508
0.847655
0.847655
0.847655
0.847655
0.411616
0.411616
0.411616
0.411616
0.411616
0.411616
0.483358
0.595411
0.595411
0.15553
0.15553
0.15553
0.207347
0.207347
0.207347
0.906123
0.906123
0.906123
0.906123
0.906123
0.906123
0.906123
0.906123
0.906123
0.906123
0.906123
0.906123
1.44177
1.04541
0.886819
0.872373
0.976029
0.976029
0.976029
1.52207
1.52207
1.52207
1.36471
1.36471
1.49753
0.740707
0.740707
0.430746
0.430746
0.967033
0.967033
0.820014
0.820014
0.820014
1.20291
0.794017
0.794017
0.794017
0.988377
0.988377
0.988377
0.988377
0.988377
0.988377
0.988377
0.988377
1.52487
1.52487
1.70656
1.70656
1.70656
1.70656
1.70656
1.17827
1.44441
0.342797
0.342797
0.342797
0.342797
0.342797
0.342797
0.342797
0.530231
0.530231
0.530231
0.530231
0.37473
0.37473
0.745478
0.745478
0.745478
1.04802
0.484611
0.484611
1.04568
1.49243
1.49243
0.951261
0.951261
0.951261
0.951261
0.951261
0.951261
0.951261
0.951261
0.951261
1.11719
1.69549
1.82807
1.82807
1.9235
1.9235
1.73415
1.09217
1.09217
1.09217
1.09217
1.01013
1.01013
1.01226
1.01226
1.01226
1.01226
0.649258
0.649258
0.649258
0.649258
0.649258
0.87461
0.87461
0.87461
1.04198
1.04198
1.04198
1.04198
1.1735
1.1735
1.1735
1.1735
0.401515
0.381211
0.273717
0.474243
0.474243
0.665708
1.13
1.13
1.37776
0.870142
0.870142
0.949059
1.04469
1.04469
0.390217
0.244502
0.234813
0.234813
0.234813
0.0946387
0.414128
0.218738
0.347769
0.347769
0.539298
0.539298
0.539298
0.539298
1.43699
2.02337
1.83336
1.83336
1.04624
1.04624
1.04624
1.04624
1.04624
0.420775
0.705933
0.705933
0.444307
0.476808
0.476808
0.594254
0.594254
0.708288
0.515756
1.16307
1.12801
0.589429
0.589429
0.589429
0.969892
0.969892
0.969892
0.969892
0.849035
0.849035
0.849035
0.849035
0.849035
0.69781
0.561578
0.561578
0.561578
1.05291
0.389473
0.389473
0.674611
0.870419
0.804234
0.804234
0.804234
0.691763
0.691763
0.691763
0.691763
0.691763
0.252862
0.456319
0.456319
0.456319
0.456319
0.531086
0.364857
0.364857
0.364857
0.364857
0.364857
0.364857
0.364857
0.364857
0.364857
0.619358
0.619358
0.492735
0.492735
0.880756
0.880756
0.880756
0.880756
0.509943
0.465411
0.465411
0.465411
0.465411
0.465411
0.465411
0.465411
0.80561
0.80561
0.224833
0.224833
0.243047
0.243047
0.545338
0.545338
0.545338
0.669968
0.669968
0.669968
0.394513
0.394513
0.394513
1.42596
1.42596
1.55909
1.55909
0.329732
0.329732
0.329732
0.329732
0.329732
0.669907
0.669907
0.669215
0.372202
0.794028
0.794028
0.687666
0.625263
1.18813
1.18813
1.18813
1.18813
1.18813
1.18813
1.18813
1.18813
1.18813
1.36494
1.18404
0.458314
0.458314
0.458314
0.704738
0.704738
0.636137
0.747887
0.747887
0.727832
0.727832
0.171695
0.171695
0.364943
0.364943
0.364943
0.136098
0.136098
0.598955
0.780212
0.780212
0.61886
0.61886
0.544603
0.544603
1.06356
0.30196
1.00687
0.807837
0.807837
0.695836
0.695836
0.695836
0.695836
0.695836
0.778283
0.778283
0.549918
0.549918
0.43856
0.43856
0.384778
0.487472
0.37972
0.37972
0.499147
0.436697
0.436697
0.914563
0.914563
0.914563
1.47702
1.47702
1.47702
0.392314
0.392314
0.392314
0.392314
0.434122
0.504053
0.504053
1.37246
1.37246
0.786118
0.850669
1.09498
1.09498
1.09498
1.09498
1.09498
1.09498
0.785364
0.785364
0.785364
0.785364
0.785364
0.785364
0.785364
0.302753
0.302753
0.293837
0.293837
0.293837
0.39639
0.978725
0.775113
0.626414
0.762269
1.29813
1.02408
0.807583
0.807583
0.807583
1.18992
1.85139
1.85139
1.25277
1.1497
0.707638
0.707638
0.707638
0.95805
0.95805
0.482219
0.482219
0.482219
0.482219
0.482219
1.16011
1.16011
0.615719
1.04792
0.501301
0.501301
0.501301
0.501301
0.501301
0.713479
0.713479
0.908662
0.908662
0.908662
0.908662
1.19697
1.19697
0.552149
0.552149
0.552149
0.339229
0.339229
0.276293
0.276293
0.276293
0.276293
0.353714
0.353714
0.751105
0.561087
0.232109
0.853829
0.853829
0.853829
0.535715
1.00563
1.53497
2.07745
1.73606
0.757027
1.01349
0.954455
1.21302
1.21302
1.21302
1.21302
1.21302
1.21302
1.55261
1.55261
1.14067
1.14067
1.14067
1.14067
0.8319
1.05755
0.524878
0.514545
2.21745
2.51225
2.51225
2.51225
2.51225
0.826031
0.320607
0.710436
1.12784
1.12784
1.12784
1.12784
1.33714
1.33714
1.33714
1.33714
1.33714
1.37287
1.37287
1.37287
1.37287
1.20501
1.20501
1.20501
1.20501
1.20501
1.67609
1.67609
1.07463
1.07463
1.07463
1.37237
1.37237
1.37237
1.37237
1.37237
1.37237
1.50327
0.762321
0.71328
0.71328
0.3526
0.3526
1.27985
1.27985
1.27985
0.842645
0.842645
0.812704
0.812704
0.812704
0.546871
0.546871
0.546871
0.546871
0.712127
0.707594
0.707594
1.34241
1.36984
1.27801
1.27801
0.324338
0.324338
0.324338
0.560328
0.560328
0.560328
0.560328
0.506355
0.511208
0.511208
1.00165
0.59059
1.40151
0.561603
0.896406
0.896406
0.439543
0.439543
0.838319
0.691825
0.691825
1.32992
1.32992
1.23741
0.776244
0.646096
0.646096
0.646096
0.646096
0.646096
0.737756
0.737756
0.737756
0.660141
0.660141
0.660141
0.660141
0.660141
1.04367
0.676136
0.676136
0.676136
0.676136
0.715444
0.653299
0.672118
0.754977
0.754977
0.754977
0.754977
0.61455
0.798331
1.741
1.741
0.471504
0.99361
0.99361
0.555518
1.19774
1.17527
1.17527
1.35939
1.20266
0.889373
0.889373
0.889373
0.889373
0.889373
0.889373
0.889373
0.721722
0.28418
0.582001
0.582001
0.522002
0.522002
0.522002
0.522002
0.992138
0.712382
0.852277
0.852277
0.852277
0.543261
0.543261
0.543261
0.505245
1.24925
1.24925
1.13627
1.13627
1.13627
0.452756
0.452756
0.452756
0.772253
0.57881
0.57881
1.11099
1.11099
1.34575
1.34575
0.973434
0.973434
0.973434
1.30296
1.30296
0.399204
0.399204
0.399204
0.399204
0.399204
0.685442
0.685442
0.773765
1.04484
1.19173
1.19173
1.40331
1.40331
1.40331
0.3428
0.3428
0.3428
0.3428
0.3428
0.603662
0.603662
1.06835
0.771269
0.771269
0.773302
0.773302
1.01667
0.740618
0.740618
0.740618
0.740618
0.607934
0.607934
0.54668
0.643839
0.643839
0.801804
0.801804
0.801804
0.802213
0.802213
0.802213
1.21804
1.21804
1.56911
0.822427
1.01212
1.01212
1.01212
1.01212
1.01212
1.01212
1.57149
1.57149
1.57149
1.57149
1.57149
1.57149
1.94805
0.780319
0.780319
0.780319
0.780319
1.10224
1.10224
1.10224
1.75209
0.844712
0.844712
0.951755
0.951755
0.951755
1.51682
1.51682
1.5232
2.00679
2.00679
2.00679
2.00679
2.00679
2.00679
2.00679
2.00679
1.50887
1.50887
1.88047
1.13941
1.13941
1.49
1.49
1.49
1.49
1.49
1.49
1.49
1.49
1.23493
1.23493
1.08324
0.504541
0.504541
0.504541
0.338948
0.338948
0.338948
0.338948
0.338948
0.350993
0.350993
0.678246
0.678246
1.4082
1.4082
0.856864
0.856864
0.856864
0.856864
0.856864
0.856864
0.601845
0.405853
0.405853
0.405853
0.405853
0.597774
0.597774
0.597774
0.520345
0.912756
0.537414
0.537414
0.537414
0.584138
0.99145
0.99145
0.99145
0.903885
0.903885
0.382286
0.588493
0.588493
0.588493
0.588493
0.588493
0.588493
0.588493
0.588493
0.865053
0.865053
0.865053
0.865053
0.19727
0.262034
0.262034
0.406491
0.406491
0.406491
0.406491
0.406491
0.532554
0.532554
0.532554
0.532554
0.532554
0.574853
0.574853
0.574853
0.574853
0.574853
0.35101
0.97871
0.97871
0.97871
0.97871
0.97871
0.862554
0.961708
0.961708
0.36476
0.36476
0.36476
0.36476
0.36476
1.17346
1.4906
1.4906
0.503205
1.45444
1.45444
0.341954
0.466275
0.466275
0.466275
0.705601
0.54002
0.54002
1.1414
1.1414
1.1414
0.382358
0.382358
0.382358
0.382358
0.382358
0.382358
0.382358
0.971244
0.515699
0.919386
0.424604
0.424604
0.559078
0.559078
0.817621
0.817621
1.00923
1.00923
0.530617
0.530617
0.530617
1.23121
1.23121
1.23121
1.23121
1.23121
0.375827
0.375827
0.388375
0.971784
0.971784
1.11713
1.11713
1.1825
1.1825
1.1825
1.1825
0.585783
0.585783
0.585783
0.585783
0.585783
0.585783
0.585783
0.665527
0.665527
0.430308
0.430308
0.430308
0.430308
0.430308
1.00281
0.457801
0.457801
0.457801
0.812984
0.812984
0.812984
0.812984
0.812984
0.77782
0.77782
0.799806
0.829235
0.829235
0.825622
0.847816
0.847816
0.223832
0.523824
0.523824
0.76445
0.76445
0.76445
0.76445
0.741463
0.741463
0.741463
0.385519
0.385519
0.385519
0.268171
0.958847
0.720745
1.11097
1.12582
1.12582
1.12582
1.12582
1.12582
1.12582
1.12582
1.39696
0.726579
0.864887
0.864887
0.864887
1.18825
1.18825
0.610966
0.731504
0.424747
0.731698
0.487482
0.869135
0.869135
0.767178
0.767178
0.767178
0.767178
0.409943
0.409943
0.409943
1.00802
1.00802
1.00802
0.20718
0.139904
0.139904
0.139904
0.139904
0.098703
1.05007
1.05007
0.737008
0.967874
0.967874
0.53423
0.53423
0.333002
1.71536
1.71536
1.71536
1.82268
1.61942
1.02845
0.905411
0.78734
0.78734
0.515753
1.29156
1.29156
1.29156
0.816388
0.816388
0.642381
0.642381
0.642381
0.860337
0.860337
0.490467
0.490467
1.06688
0.652339
0.652339
1.05753
1.21456
1.09338
1.09338
0.579295
0.667433
0.667433
0.667433
0.667433
0.667433
0.871063
0.871063
0.89971
0.89971
0.689569
0.689569
0.689569
0.28862
0.28862
0.362607
0.362607
0.362607
0.993968
0.667804
0.849789
0.849789
0.849789
0.849789
0.849789
0.849789
2.14412
1.6462
1.53623
0.506808
0.506808
1.20487
1.20487
0.769563
0.769563
0.460366
1.10319
0.610915
1.30728
1.30728
1.30728
1.30728
0.876719
1.0086
1.0086
1.06652
1.05763
1.05763
1.05763
1.05763
1.05763
1.05763
1.05763
0.455644
0.297745
0.528006
0.319943
0.785584
0.257869
0.257869
1.0061
0.526712
0.526712
0.526712
0.858304
0.291235
0.404265
0.128576
0.398674
0.398674
1.72569
1.72569
1.72569
1.72569
1.72569
1.24269
0.83572
0.625134
1.31894
0.991742
1.06862
0.591736
0.591736
0.591736
0.591736
0.591736
0.591736
0.591736
0.591736
0.442508
0.442508
0.66241
0.66241
0.66241
0.66241
0.66241
0.66241
1.46076
1.46076
1.46076
2.13398
2.13398
2.13755
1.54792
0.964321
0.964321
0.964321
0.964321
0.711113
0.711113
1.20714
1.07934
1.07934
0.930992
0.849445
1.16448
1.16448
1.31741
1.31741
1.65538
1.65538
1.65538
1.65538
1.65538
1.90232
0.615172
0.932454
0.838031
0.838031
0.64924
0.702379
1.62403
1.54428
1.45905
2.01056
2.01056
1.02688
1.37002
1.37002
0.63968
0.63968
0.662845
0.662845
0.662845
0.662845
0.662845
1.06395
1.06395
1.17422
1.17422
0.568163
0.644511
0.644511
0.644511
0.644511
0.644511
0.644511
0.644511
0.766559
0.766559
0.766559
0.366179
0.400246
0.400246
0.400246
0.385744
0.385744
0.928135
0.963661
0.963661
1.07367
0.860488
0.747632
0.681251
0.681251
0.681251
0.648154
0.6023
0.6023
0.449566
0.449566
0.449566
0.449566
0.648874
0.918781
0.918781
0.918781
0.873131
0.873131
0.873131
0.786644
0.786644
0.786644
0.786644
0.786644
0.786644
0.786644
0.786644
0.463973
0.463973
0.692668
0.747004
0.847661
0.847661
0.73497
0.51066
0.466461
0.689778
0.689778
0.689778
1.3737
1.3737
1.3737
1.3737
1.50829
1.50829
1.50829
1.50829
1.50829
1.50829
1.95228
1.95228
0.475673
0.989324
0.673016
0.963835
0.963835
1.52378
1.03861
1.03861
1.03861
1.23124
1.23124
1.12406
1.93151
1.93151
1.42414
1.42414
1.42414
0.975015
0.564063
0.564063
0.695212
0.695212
1.61544
0.828153
0.828153
0.828153
0.828153
0.828153
0.828153
1.00598
1.00598
1.00598
0.96732
0.96732
0.96732
0.96732
0.96732
0.96732
0.96732
0.96732
0.96732
0.96732
0.522858
0.522858
0.874705
0.874705
0.874705
1.17087
0.679691
0.596677
0.847118
0.847118
0.847118
0.847118
0.847118
0.847118
0.94218
0.94218
1.08756
1.08756
1.08756
1.08756
1.08756
0.469877
0.469877
0.469877
0.469877
0.469877
0.469877
0.469877
0.469877
0.469877
0.469877
0.469877
0.787842
0.85221
0.85221
0.85221
1.75523
1.75523
1.62067
0.879649
0.879649
0.879649
0.786825
0.867013
0.867013
0.833556
0.833556
0.833556
0.833556
0.833556
0.833556
0.833556
0.833556
0.833556
0.574695
0.574695
0.574695
0.664843
0.664843
0.664843
0.568
0.91801
0.618153
0.709504
0.709504
0.609939
0.609939
1.08485
1.02028
1.02028
1.02028
1.02028
0.335077
0.335077
0.335077
0.335077
0.335077
0.635906
0.820826
1.02347
1.02347
1.02347
1.02347
1.52302
1.11644
1.11644
2.05404
1.44593
1.40604
0.48758
0.784304
0.784304
1.06087
1.06087
0.859804
0.903944
1.05624
0.829753
0.829753
0.829753
0.829753
0.829753
0.829753
0.829753
0.981477
0.981477
1.34046
1.34046
1.34046
1.34046
0.547273
0.974193
0.981205
0.510171
1.09292
1.09292
1.79507
1.79096
1.32517
1.32517
1.32517
1.32517
1.4656
1.4656
1.4656
0.341506
0.341506
1.14147
1.14147
1.14147
1.13029
1.13029
1.13029
0.911388
0.911388
0.990639
0.815795
0.815795
0.350331
0.350331
0.350331
0.350331
0.350331
0.734597
0.734597
0.818519
0.59918
0.797526
0.626352
0.626352
1.20826
1.20826
1.20826
1.20826
1.20826
1.20826
1.20826
0.583993
0.583993
0.236428
0.236428
0.479946
0.979605
0.979605
0.979605
0.540594
1.05105
1.05105
1.05105
1.2105
1.2105
1.2105
1.2105
1.12623
1.12623
0.893612
0.893612
1.05204
0.570852
0.570852
1.68924
1.68924
1.35586
1.35586
1.51073
1.02835
1.02835
1.02835
0.617629
0.617629
0.617629
0.617629
0.950315
0.950315
0.950315
0.950315
0.587975
1.16345
1.16345
1.38233
0.993796
0.993796
0.993796
0.993796
0.993796
0.613718
0.613718
0.613718
0.613718
0.613718
0.613718
0.613718
0.613718
0.33465
1.85195
1.85195
1.85195
2.02461
0.95529
0.95529
0.95529
0.930692
0.930692
0.967729
1.79676
1.29115
1.29115
1.29115
1.65471
1.26274
0.382413
0.399412
0.399412
0.399412
0.752743
0.752743
1.30768
1.30768
1.30768
1.20336
1.33929
1.33929
0.544441
0.544441
0.544441
0.452494
0.452494
0.452494
1.08618
1.08618
1.08618
1.08618
1.08618
1.07153
1.25541
1.25541
1.25541
1.25541
0.431825
1.37258
1.37258
1.37258
0.379504
0.379504
0.379504
0.708865
0.708865
0.714491
0.65966
0.65966
0.65966
0.65966
0.65966
0.65966
1.51757
0.889097
0.889097
0.975525
0.975525
0.975525
1.18211
0.54321
0.503542
0.503542
0.618244
0.618244
0.47874
0.47874
0.47874
1.19475
1.19475
0.503735
0.503735
0.84713
0.96151
0.656049
0.656049
0.656049
0.790429
0.790429
0.848019
0.848019
0.848019
0.848019
0.848019
0.848019
0.848019
0.750156
0.750156
0.750156
0.971001
0.971001
0.971001
0.579903
0.579903
0.579903
0.579903
0.579903
0.579903
0.579903
0.579903
0.579903
0.668211
0.88563
0.541765
0.728411
0.728411
1.28812
1.29186
1.39586
1.39586
1.39586
0.899204
0.727263
0.727263
0.66363
0.66363
0.66363
0.66363
0.493719
0.526012
0.526012
0.526012
0.535106
0.535106
0.535106
0.535106
0.535106
0.535106
0.535106
0.568634
0.568634
0.568634
0.613517
0.613517
0.613517
0.531547
0.531547
0.969825
0.969825
0.969825
0.969825
0.969825
0.969825
0.969825
0.969825
1.40554
0.881817
0.881817
0.881817
1.12771
1.12771
1.12771
1.60116
1.60116
1.60116
1.61918
1.61918
1.61918
1.0311
1.10882
1.10882
0.763509
0.447073
0.447073
1.06453
1.06453
1.06453
1.08713
1.33273
1.33273
1.33273
1.22996
1.22996
1.4022
1.30417
1.36076
0.888879
1.50865
1.50865
1.52187
1.38186
1.20392
1.20392
1.20392
1.70664
1.70664
1.70664
0.164819
0.750169
0.607476
0.998225
0.998225
0.998225
0.998225
0.998225
1.11925
1.11925
0.936795
0.936795
0.936795
0.77121
0.59417
0.59417
0.584031
0.175264
1.03359
0.882315
0.755615
0.594367
0.594367
0.594367
0.500755
0.500755
0.500755
0.500755
0.500755
0.474756
0.474756
0.72418
0.72418
0.72418
0.72418
0.53187
0.53187
0.53187
0.476085
0.476085
0.476085
0.476085
0.476085
0.476085
0.476085
0.476085
0.351515
0.351515
0.325163
0.577834
1.42263
0.637888
0.637888
0.615061
0.658126
0.658126
0.658126
0.658126
0.658126
0.519658
0.519658
0.507725
0.507725
0.507725
0.507725
0.507725
0.359187
0.359187
0.36869
0.582042
0.582042
0.582042
0.745977
1.50662
1.23148
1.23148
1.23148
0.402084
0.924761
0.924761
0.532909
0.0772807
1.61676
1.61676
1.61676
0.826363
0.826363
0.281261
0.644127
0.644127
1.28274
1.28274
1.28274
1.28274
1.21551
1.21551
1.21551
0.827008
0.827008
1.12396
1.12396
1.12396
1.12396
1.12396
1.18685
1.18685
0.541071
0.541071
0.541071
0.541071
0.193324
1.03798
0.828208
0.643391
0.643391
0.643391
0.643391
0.522829
0.860149
0.749038
0.749038
0.749038
0.636869
0.636869
0.636869
0.636869
0.569866
0.569866
1.05377
1.05377
0.624552
0.929643
1.98822
1.17292
1.17292
1.11489
1.24895
1.24895
0.929118
0.929118
1.25018
1.25018
0.373611
0.373611
0.351897
1.05224
0.87423
0.758799
0.758799
0.758799
0.490768
0.490768
0.490768
0.343638
0.343638
0.343638
0.343638
0.634359
0.634359
0.634359
0.885116
0.885116
1.07507
1.07507
1.76392
2.36081
2.36081
2.36081
1.72915
1.78039
1.78039
0.192588
1.19795
1.19795
0.409955
0.339429
0.339429
1.44106
0.877487
0.396316
0.396316
0.396316
0.396316
0.719235
0.583487
0.434257
0.434257
0.687973
0.687973
0.687973
0.687973
1.01521
0.736623
0.736623
0.736623
0.736623
0.736623
0.736623
1.49393
1.49393
1.25895
0.895375
0.895375
0.895375
0.744622
0.438256
0.295267
0.191577
0.262389
0.262389
0.262389
0.686678
0.686678
0.948453
0.512417
0.512417
0.352265
0.569937
1.14261
1.14261
1.17631
1.2449
1.2449
1.2449
0.914764
0.914764
0.807384
0.807384
0.807384
0.501516
0.501516
0.506142
0.506142
0.490248
1.28318
1.09941
1.77527
1.77906
1.77906
0.384819
0.384819
1.58175
1.58175
1.89865
1.89865
1.89865
1.89865
1.62237
0.825661
1.39877
1.14234
0.630527
0.260176
0.315898
0.515849
0.515849
0.515849
1.36773
0.836338
0.836338
1.1066
0.986087
1.31945
1.27733
0.728739
0.728739
0.617504
0.617504
0.617504
0.617504
0.617504
0.617504
0.617504
0.617504
0.617504
1.49954
0.825195
0.825195
0.825195
0.279404
0.161464
0.304847
0.304847
0.304847
0.979258
0.484111
0.484111
1.2539
1.2539
0.861183
0.861183
1.47343
0.637778
1.12375
1.12375
1.12375
1.12375
1.12375
1.12375
2.08666
1.70474
1.70474
1.92812
1.34174
1.0195
1.71518
1.71518
1.66974
1.66974
1.66974
1.17902
0.999676
1.72358
1.72358
0.635628
0.635628
0.635628
0.598666
0.504067
0.504067
0.504067
0.994812
1.46368
1.46368
1.46368
1.46368
1.24486
1.24486
1.24486
1.24486
0.836306
0.836306
0.836306
0.836306
0.836306
0.836306
0.836306
0.836306
0.836306
0.400737
0.400737
0.400737
0.643477
0.643477
0.643477
1.15637
1.0461
0.711367
0.711367
0.711367
0.711367
1.50486
1.50486
0.885266
1.00783
1.00783
1.00783
0.567227
0.567227
0.937773
0.937773
0.937773
0.937773
0.937773
0.937773
0.937773
0.919412
0.748276
0.795464
0.795464
0.718688
0.718688
1.07892
1.07892
1.08188
1.08188
0.661902
0.661902
0.586464
0.586464
0.586464
0.586464
0.586464
0.808829
0.707309
0.707309
0.67301
0.333274
0.333274
1.1796
1.32255
1.32255
1.32255
0.340461
0.279694
0.279694
0.279694
0.279694
0.45374
0.45374
0.45374
0.45374
0.45374
0.45374
0.534388
0.534388
0.534388
0.534388
0.534388
0.942477
0.942477
1.12062
1.00394
1.00394
0.900036
0.900036
0.398127
0.398127
0.398127
0.526423
0.411298
0.336927
0.336927
0.336927
0.336927
0.412463
0.886256
0.518561
0.807347
0.24293
1.01361
1.01361
1.01361
1.01361
0.671926
0.64131
0.431084
0.200326
0.200326
0.200326
0.200326
0.200326
0.200326
0.235827
0.375838
0.37287
0.37287
0.37287
0.358148
0.358148
0.429132
0.429132
0.515209
0.543425
0.543425
0.543425
0.543425
0.543425
0.543425
0.543425
1.07144
1.07144
1.46142
1.46142
1.46142
1.92612
1.92612
1.92612
1.23192
1.23192
1.23192
1.23192
1.23192
1.23192
1.19209
0.945311
0.615168
0.738799
1.3393
1.64034
1.64034
1.64034
1.64034
1.64034
1.64034
2.86696
2.92011
2.48147
2.48147
2.48147
1.00834
0.86054
0.86054
0.86054
0.647467
0.500834
0.505384
0.505384
1.33897
1.33897
1.33897
1.33897
0.575988
0.412193
1.22685
1.22685
1.53156
0.757791
0.757791
0.757791
0.856103
0.789247
0.789247
0.789247
0.789247
0.789247
0.519884
0.519884
0.597626
0.597626
0.709141
0.709141
0.709141
0.709141
0.709141
0.709141
0.257559
0.610013
0.610013
0.939599
0.418366
0.418366
0.418366
0.418366
0.418366
0.796606
1.23266
1.23266
1.23266
1.23266
1.21188
1.21188
1.21188
1.21188
0.560158
1.1535
1.1535
1.1535
1.19087
1.19087
1.19087
1.19087
1.19087
1.23847
1.12016
1.09111
0.232328
0.232328
0.232328
0.200643
0.25883
0.663448
0.663448
0.663448
1.5601
0.686864
0.686864
0.571137
0.571137
0.571137
0.455137
0.455137
0.455137
0.866761
0.866761
0.427751
0.427751
0.427751
0.427751
0.55275
0.55275
0.55275
1.28914
1.28914
0.507178
0.507178
0.507178
0.507178
0.286746
0.665557
0.665557
0.451608
2.36173
2.36173
2.36173
2.2828
2.2828
2.35181
0.893639
0.893639
0.893639
0.893639
0.901062
0.901062
0.836731
0.836731
0.514595
0.514595
0.514595
0.567881
1.02828
1.02828
1.02828
0.407772
0.734347
0.734347
0.592386
0.573408
0.573408
1.20991
1.20991
1.20991
1.20991
1.20991
0.371727
1.44185
1.21731
1.21731
0.995243
0.995243
0.995243
1.10107
0.759647
0.759647
0.958794
0.279631
0.237187
0.237187
0.199057
1.05235
1.05235
1.05235
0.814083
1.05189
1.05189
1.05189
1.05189
1.04899
0.827507
0.827507
0.827507
0.827507
0.879905
0.879905
0.314861
0.314861
0.314861
0.314861
0.308433
0.308433
0.308433
0.587977
0.587977
0.587977
0.170579
0.244928
0.244928
1.37739
1.37739
1.37739
1.37739
1.60894
1.60894
1.60894
1.60894
0.859318
1.38638
1.30616
1.02543
1.02543
0.604906
0.604906
0.529804
1.01272
0.281255
0.37267
0.37267
0.37267
0.37267
0.37267
0.37267
0.529953
0.529953
0.529953
0.529953
0.756685
0.537166
0.484885
0.484885
0.332658
0.332658
0.640072
0.640072
0.640072
0.640072
0.640072
1.54287
0.908928
0.908928
0.846615
0.501888
0.743384
0.743384
0.743384
0.938671
0.676701
0.676701
0.550648
0.550648
1.57119
1.06763
1.03611
0.375797
0.375797
0.375797
0.375797
0.375797
0.375797
0.419951
0.991291
0.802988
0.802988
0.89932
0.49564
0.49564
0.580443
0.866527
0.866527
0.866527
0.866527
0.761196
0.761196
0.761196
0.761196
0.293832
1.25338
0.765583
0.765583
0.765583
0.801318
0.801318
0.771034
0.771034
0.98668
0.98668
0.98628
0.98628
0.98628
0.98628
0.688408
0.688408
0.688408
0.688408
0.72685
0.630255
0.630255
0.630255
0.584705
0.90418
0.503279
0.503279
0.503279
0.503279
0.503279
0.503279
0.503279
0.503279
0.503279
0.503279
0.503279
0.503279
0.503279
1.17701
1.17701
1.17701
1.17701
1.17701
0.754815
0.754815
0.754815
0.754815
0.754815
0.657564
0.657564
0.985155
0.985155
0.985155
0.985155
0.985155
0.985155
0.831668
0.831668
0.831668
0.961117
0.961117
1.3113
1.3113
0.620226
0.611514
0.611514
0.651767
0.651767
1.17299
1.17299
1.17299
0.952428
0.309692
0.309692
0.309692
0.309692
0.309692
0.679768
1.36571
0.388793
0.388793
0.617605
0.617605
1.33941
1.33941
0.753033
0.753033
0.753033
1.50248
1.10375
0.788361
0.788361
0.788361
0.788361
0.786753
0.794111
0.794111
0.406692
0.406692
0.619891
0.773598
0.773598
0.995669
0.995669
0.995669
0.995669
0.995669
0.995669
0.995669
0.995669
0.995669
0.995669
0.682943
0.761236
0.761236
0.761236
0.761236
0.536128
0.536128
0.799006
0.438849
0.438849
0.438849
0.615302
0.615302
0.659572
0.659572
0.939916
1.3752
0.286258
0.288708
0.418064
0.418064
0.418064
0.634304
0.260602
0.364362
0.364362
1.39935
1.39935
1.39935
1.39935
0.795618
0.795618
0.795618
0.795618
0.711267
0.711267
0.711267
0.711267
0.711267
0.783413
0.570728
0.570728
0.570728
0.570728
0.570728
0.570728
0.570728
0.963089
0.963089
0.963089
0.963089
0.963089
1.41187
1.66584
1.66584
0.63372
0.785059
1.20074
1.09441
0.846594
0.846594
0.823214
0.823214
0.823214
0.823214
1.12173
0.572853
0.572853
0.572853
1.11651
1.09646
1.09646
0.828117
0.828117
0.822951
0.822951
0.822951
0.822951
0.822951
0.822951
0.822951
0.822951
0.874147
0.874147
0.710863
1.0775
1.0775
1.0775
1.0775
1.0775
1.0775
1.0775
1.0775
1.0775
0.983408
0.457807
1.06935
1.06935
1.06935
1.06935
1.03402
1.13061
0.657362
0.657362
0.657362
0.657362
0.657362
0.657362
1.1439
1.1439
1.1439
0.725667
0.725667
0.725667
1.09147
1.73465
1.73329
1.90803
1.36057
1.36057
1.36057
1.36057
1.12112
1.12112
1.82244
1.51149
1.51149
1.82781
1.82781
1.59018
1.18029
1.18029
1.72265
2.04208
2.04208
1.60257
1.78118
1.78118
1.37177
1.01636
1.01636
1.01636
1.01636
0.927676
0.927676
1.02236
1.02236
1.02236
1.02909
0.588371
0.588371
0.588371
0.588371
0.588371
0.545502
0.545502
0.769657
0.769657
0.647547
0.647547
0.647547
0.732316
0.732316
0.597224
0.698171
0.944371
0.944371
0.944371
0.481614
0.747103
1.28456
1.28456
1.28456
1.28456
1.28456
1.29165
1.29165
1.29165
1.29165
1.51848
1.51848
1.51848
0.999718
1.32333
1.13165
1.13165
1.05649
1.05649
1.346
0.958828
1.22693
1.24046
1.24046
1.36361
1.10318
1.28344
0.83547
0.83547
0.83547
0.83547
0.300567
0.300567
0.300567
0.416908
0.416908
1.21415
0.754082
1.01456
1.01456
1.53997
0.341554
0.341554
0.307216
0.307216
0.191781
0.191781
0.191781
0.337461
0.337461
1.23073
1.23073
0.746448
0.746448
0.49028
0.49028
0.49028
0.656955
0.656955
0.656955
0.656955
0.614221
0.614221
0.656522
0.656522
0.656522
0.656522
0.656522
0.656522
0.656522
0.444548
0.519588
0.519588
0.519588
0.519588
0.519588
0.519588
1.1736
1.48876
1.48876
1.48876
2.06951
2.06951
2.06951
2.06951
2.1024
1.81034
1.81034
1.96306
1.61041
0.380786
0.380786
1.16881
1.16881
1.16881
1.16881
1.16881
1.16881
1.16881
0.642665
0.493736
0.493736
0.493736
0.493736
0.549196
0.384449
0.384449
0.384449
0.384449
0.384449
0.384449
1.23014
1.23014
1.11349
1.294
0.746134
0.746134
0.746134
0.746134
0.746134
1.14755
1.14755
1.26263
1.24405
0.913842
0.913842
0.913842
0.913842
0.913842
0.869925
1.0934
1.0934
1.0934
1.0934
0.421541
0.421541
0.421541
0.988909
0.73008
0.73008
0.73008
0.73008
0.73008
0.73008
0.959863
0.959863
0.959863
0.959863
0.959863
0.906337
0.906337
0.940743
0.940743
0.940743
0.940743
0.661831
0.611415
0.682413
0.682413
0.729781
0.729781
0.729781
0.729781
0.729781
0.729781
0.565274
0.565274
0.565274
1.49636
0.65679
0.619744
0.619744
0.351386
1.25458
1.25458
1.25458
1.21863
0.860715
0.860715
0.778013
0.242812
0.688693
0.62833
0.903242
0.903242
1.14807
1.41198
1.41198
1.14486
1.14486
1.0542
1.14254
1.14254
1.14254
1.23747
1.18547
1.18547
1.18547
1.18547
1.21794
0.855642
0.855642
0.855642
0.855642
0.855642
0.387317
0.387317
0.559469
0.559469
1.55478
0.626613
0.626613
0.626613
0.409082
0.355991
0.355991
0.501112
0.501112
0.501112
1.17805
0.725829
0.969292
0.916928
1.21642
0.39291
0.39291
0.876307
0.876307
0.876307
0.876307
1.28924
1.28924
1.28924
0.946127
0.946127
0.946127
0.946127
0.547586
0.750253
0.750253
0.750253
1.1524
1.1524
1.1524
1.13752
0.873978
0.873978
0.873978
0.873978
0.844915
0.844915
0.844915
0.527071
0.527071
0.527071
0.776583
0.562557
1.01217
0.634809
0.634809
0.634809
0.905531
0.905531
0.905531
0.905531
0.834002
0.886805
1.01307
1.05507
0.838373
0.663824
0.538469
1.80429
0.565864
0.565864
0.565864
0.565864
0.565864
0.565864
0.269304
0.817304
0.817304
0.845792
0.992871
0.633545
0.633545
0.633545
1.19299
1.19299
1.18355
1.18355
1.56982
1.72659
1.72659
2.06413
0.70307
0.70307
1.76892
1.76892
1.76892
1.76892
1.76892
0.402137
0.402137
0.402137
0.402137
1.04569
0.89266
0.89266
0.547355
0.547355
0.57571
0.57571
0.532206
0.532206
0.532206
0.532206
0.292924
0.292924
0.292924
1.10092
0.710957
0.885116
0.671643
0.671643
0.671643
0.671643
0.671643
0.671643
0.87359
1.26649
1.26649
1.26649
0.740655
0.765066
1.38644
1.38644
1.38644
1.38644
1.38644
0.254917
0.596008
0.596008
0.596008
0.596008
0.596008
0.596008
0.969499
0.969499
0.969499
1.04686
0.666388
0.666388
0.666388
0.666388
0.415494
0.522664
0.522664
0.522664
0.522664
0.522664
0.583554
0.583554
0.583554
0.73185
1.14638
1.14638
0.762258
0.762258
0.762258
0.762258
0.436492
0.436492
0.436492
0.436492
1.01534
1.01534
0.793436
0.793436
0.500581
0.845266
0.845266
0.845266
0.845266
0.90738
0.90738
0.793255
0.793255
1.4535
1.4535
1.4535
2.06131
0.538727
1.0118
1.0118
1.0118
1.0118
1.62594
1.62594
1.62594
1.62594
1.62594
0.874168
0.874168
0.874168
0.874168
0.874168
0.661709
0.698017
0.698017
0.698017
0.698017
0.698017
2.2908
1.90933
2.26274
2.14753
2.14753
0.369084
0.369084
0.924462
1.8031
1.67419
0.584104
0.350926
0.766892
0.871287
0.751095
0.364638
0.646192
0.646192
0.615596
0.861234
0.636118
0.636118
0.511171
0.511171
0.511171
0.495799
0.773969
0.843727
0.843727
0.753433
0.753433
0.753433
0.753433
0.753433
0.802201
1.18026
1.18026
1.18026
0.642975
0.642975
1.21626
0.902143
0.902143
0.902143
0.902143
0.902143
0.902143
0.902143
0.264963
1.21828
0.253585
0.253585
0.755931
0.755931
0.755931
0.755931
1.24323
1.24323
1.24323
0.404093
0.404093
0.404093
0.425473
0.425473
0.425473
0.425473
0.830243
0.830243
1.13225
0.428846
0.527098
0.866084
0.866084
0.866084
1.32537
1.32537
1.21909
0.489871
0.54615
0.54615
0.54615
0.54615
0.667482
0.667482
0.667482
0.667482
0.927436
0.927436
1.14377
1.16881
0.451811
0.451811
0.530104
1.0424
1.06304
0.808088
0.561692
0.561692
0.532494
0.377267
0.377267
0.377267
0.405865
0.405865
0.405865
0.559608
0.559608
0.559608
0.559608
0.518458
0.518458
0.982628
0.982628
0.982628
0.982628
0.843632
0.843632
0.802356
0.802356
0.802356
0.802356
0.802356
0.802356
0.802356
0.653354
0.905223
0.439556
0.439556
0.627764
0.627764
0.906261
0.833258
0.833258
0.691555
0.691555
0.691555
0.71173
0.71173
0.384977
0.830361
0.830361
0.830361
0.641567
0.641567
0.372686
0.807641
0.807641
0.807641
0.807641
0.842959
0.842959
0.842959
0.842959
0.726253
0.726253
0.726253
0.58836
0.58836
0.58836
0.58836
0.58836
0.58836
0.58836
0.58836
0.565231
0.565231
0.565231
0.569058
0.569058
1.62345
1.62345
1.92691
1.92691
2.18428
2.18428
2.13086
1.66851
1.91504
1.10207
1.10207
0.477622
0.477622
0.657189
0.657189
0.578131
0.578131
0.578131
0.432031
0.432031
0.432031
0.432031
0.432031
0.432031
0.432031
0.808142
0.808142
0.808142
0.808142
0.522211
0.703567
0.703567
0.678085
0.318882
1.54735
1.83312
1.78676
1.78676
1.78676
1.78676
1.78676
1.70381
0.419498
0.419498
0.419498
0.643294
0.935096
0.935096
1.11431
1.11431
0.324291
0.596358
0.596358
1.32365
1.32365
0.534482
0.534482
0.378954
0.378954
1.12403
0.352536
0.352536
0.352536
1.37646
1.37646
1.37646
0.925632
0.925632
0.925632
0.925632
0.925632
0.925632
0.380176
0.961317
0.961317
0.961317
0.699846
0.699846
0.699846
0.782674
0.782674
0.782674
0.782674
0.782674
0.782674
0.782674
0.782674
0.782674
0.590541
0.590541
0.590541
0.590541
0.793268
0.793268
0.793268
0.793268
0.793268
0.793268
0.575914
0.575914
0.50924
0.50924
0.474061
0.728881
0.325483
0.742679
0.742679
0.742679
0.742679
0.712733
0.712733
0.712733
0.712733
0.712733
0.712733
0.712733
0.712733
0.712733
0.581546
0.720456
0.720456
0.720456
0.549453
0.549453
0.549453
0.549453
0.549453
0.549453
0.758328
0.758328
0.924644
0.924644
1.17276
1.17276
0.547064
0.547064
0.547064
0.547064
0.547064
0.547064
0.547064
0.547064
0.383014
0.445648
0.445648
0.498164
0.654787
0.654787
0.780131
0.780131
0.820187
0.533055
0.533055
0.533055
0.938892
1.11652
1.11652
1.11652
0.971159
0.971159
0.972383
0.943188
0.943188
0.943188
0.733092
0.733092
0.733092
0.733092
0.733092
0.733092
0.73471
0.73471
0.73471
0.73471
0.73471
0.82126
0.82126
0.82126
0.82126
0.82126
0.82126
0.82126
0.610426
0.610426
0.292247
0.833794
1.27629
0.933676
0.678934
0.678934
0.678934
0.634381
0.482352
0.512714
0.512714
1.10825
1.10825
0.350909
0.350909
0.350909
0.350909
0.350909
0.623742
0.623742
1.59141
1.41949
0.721528
0.721528
0.721528
0.857324
0.857324
0.857324
0.857324
0.857324
0.801309
0.67841
0.67841
0.67841
0.367297
0.367297
1.00004
1.15934
1.15934
0.965475
0.965475
0.965475
1.06602
1.05254
1.05254
1.05254
1.05254
0.839569
0.839569
0.839569
0.839569
0.839569
0.839569
0.839569
0.839569
0.839569
0.579817
0.579817
0.579817
0.579817
0.579817
0.579817
0.910244
0.62316
0.62316
0.62316
0.62316
1.35602
0.661772
0.661772
0.661772
0.661772
0.377396
0.377396
0.377396
0.47064
0.731269
0.731269
0.766075
1.12635
0.698728
0.684945
0.684945
0.864313
0.864313
0.864313
0.864313
0.864313
0.864313
0.676023
0.676023
0.676023
0.676023
0.676023
0.430837
0.93472
1.11855
1.44563
1.61672
1.05243
1.05243
1.05243
1.07372
1.07372
0.865738
0.865738
0.669231
0.669231
0.669231
0.669231
0.208243
0.208243
0.388207
0.388207
0.388207
0.388207
0.388207
0.388207
0.560032
0.760448
0.760448
0.760448
0.748796
0.748796
0.748796
0.748796
0.873818
0.873818
1.95283
1.95283
1.95283
1.95283
1.90069
1.90069
1.34427
1.34427
1.46596
1.46596
1.46596
1.0613
1.0613
1.0613
0.440077
0.440077
0.543454
0.491293
0.491293
0.491293
0.491293
0.803677
1.67055
1.67055
1.67055
1.67055
1.67055
1.67055
1.18313
1.18313
1.40773
1.26239
1.26239
0.607847
0.607847
0.607847
0.607847
0.607847
0.607847
0.607847
0.607847
0.607847
0.607847
0.50082
0.50082
0.50082
0.50082
0.50082
0.770379
0.770379
0.770379
1.00338
0.750245
0.750245
0.750245
0.750245
0.750245
0.687707
0.687707
1.1158
0.711121
0.923176
0.923176
0.923176
0.923176
0.270553
0.270553
0.431284
0.431284
0.431284
0.431284
1.05019
1.97261
1.97261
1.93627
1.93627
1.76692
1.76692
1.37591
1.37591
1.37591
1.37591
0.749116
1.10599
1.00761
1.00761
0.746094
0.746094
0.834172
0.834172
0.834172
0.834172
0.834172
0.834172
0.834172
0.207467
0.244092
0.244092
0.244092
0.244092
0.607806
0.578205
0.578205
0.578205
0.578205
0.578205
0.578205
0.934612
0.550041
0.550041
0.431599
0.526693
1.48121
1.48121
1.48121
1.3053
1.3053
1.3053
1.3053
1.21909
1.28084
1.28084
1.28084
1.10841
1.06986
1.06986
1.06986
0.888727
0.727785
0.727785
1.69415
0.436423
0.794485
0.794485
0.794485
0.794485
0.794485
0.794485
0.794485
0.747905
0.331696
0.587735
0.587735
0.587735
0.412162
0.412162
0.469393
0.469393
0.469393
0.469393
0.571975
0.571975
0.571975
0.571975
1.00412
0.464089
0.531263
0.952291
0.952291
1.1616
1.1616
1.1616
1.1616
1.18799
1.18799
1.18799
1.18799
1.18799
1.18099
0.80535
0.849844
1.09276
1.09276
1.09276
1.09276
1.1329
1.1329
1.1329
1.56438
0.813945
0.813945
1.26844
1.26844
1.26844
1.26844
1.70453
1.46944
0.849542
0.849542
0.584845
0.584845
0.660398
0.819649
0.819649
0.819649
0.942491
0.942491
1.72411
0.418502
0.418502
0.712018
0.584261
0.584261
0.584261
0.584261
0.584261
0.584261
0.584261
0.584261
0.584261
0.584261
0.93857
0.93857
0.620874
0.998241
1.09352
0.939289
0.669999
0.669999
0.584278
0.584278
0.552367
0.552367
0.552367
0.995202
0.995202
0.995202
1.4478
1.4478
1.4478
1.4478
1.8423
1.8423
1.493
1.493
1.16313
1.16313
0.60575
0.60575
1.06077
1.06077
1.06077
1.06077
1.06077
0.809149
0.809149
0.809149
0.809149
0.809149
0.809149
0.809149
1.15685
0.541534
0.477594
0.607545
0.607545
0.741103
0.741103
0.408801
0.393939
0.498023
0.498023
0.498023
0.498023
0.498023
0.442055
0.442055
0.442055
0.407247
0.441833
0.441833
0.441833
0.441833
0.387144
0.409313
0.409313
1.36106
1.37812
1.46686
1.46686
1.20933
0.529209
0.733443
0.451995
0.451995
0.645178
0.645178
0.645178
0.645178
0.175076
0.27222
0.310333
0.310333
0.310333
0.736408
0.736408
0.736408
1.3757
0.90508
1.55004
0.767133
0.767133
1.36438
0.818379
0.735423
0.735423
0.735423
0.709418
0.709418
0.974805
0.752773
0.748641
0.748641
0.748641
0.891285
0.891285
0.891285
0.92162
0.531409
0.531409
0.531409
0.531409
1.70899
1.18514
1.14672
1.14672
1.14672
1.07704
1.46412
1.46412
1.18466
0.821736
0.914945
0.587081
0.587081
0.587081
0.587081
0.587081
0.587081
0.587081
1.61104
1.54787
1.57591
0.839497
0.649219
0.649219
0.925939
0.925939
0.665589
0.665589
0.748521
0.567349
0.567349
0.567349
0.567349
0.567349
0.567349
0.970744
0.970744
0.564865
0.564865
0.564865
0.564865
0.405443
0.405443
0.405443
0.405443
1.32848
1.50709
1.50709
1.35159
0.99416
0.99416
0.99416
1.41062
1.41062
0.283338
0.349935
0.673468
1.05572
0.849676
0.849676
0.849676
0.575326
0.575326
0.575326
0.436101
0.436101
0.436101
0.436101
0.673176
0.767231
0.919112
0.919112
0.919112
0.919112
0.919112
0.919112
