124
7
1
6
brand_hybrid
air.sig995_mean
omega.sig995_mean
pres.sfc_mean
rhum.sig995_mean
uwnd.sig995_mean
vwnd.sig995_mean
0
10
235.7931 2 290.6917 -0.0110821 98128.27 78.0856 1.225954 1.137639
240.4902 3 290.6917 -0.0110821 98128.27 78.0856 1.225954 1.137639
219.7663 4 290.6917 -0.0110821 98128.27 78.0856 1.225954 1.137639
260.1275 7 290.6917 -0.0110821 98128.27 78.0856 1.225954 1.137639
243.8468 8 290.6917 -0.0110821 98128.27 78.0856 1.225954 1.137639
237.5328 9 290.6917 -0.0110821 98128.27 78.0856 1.225954 1.137639
262.7754 2 290.6917 -0.0110821 98128.27 78.0856 1.225954 1.137639
250.4972 3 290.6917 -0.0110821 98128.27 78.0856 1.225954 1.137639
265.6161 4 290.6917 -0.0110821 98128.27 78.0856 1.225954 1.137639
275.4398 7 290.6917 -0.0110821 98128.27 78.0856 1.225954 1.137639
248.2037 8 290.6917 -0.0110821 98128.27 78.0856 1.225954 1.137639
266.5665 9 290.6917 -0.0110821 98128.27 78.0856 1.225954 1.137639
229.4826 2 290.6917 -0.0110821 98128.27 78.0856 1.225954 1.137639
236.7107 3 290.6917 -0.0110821 98128.27 78.0856 1.225954 1.137639
236.1038 4 290.6917 -0.0110821 98128.27 78.0856 1.225954 1.137639
255.9291 7 290.6917 -0.0110821 98128.27 78.0856 1.225954 1.137639
241.2328 8 290.6917 -0.0110821 98128.27 78.0856 1.225954 1.137639
219.8343 9 290.6917 -0.0110821 98128.27 78.0856 1.225954 1.137639
236.7066 2 294.5976 0.00282963 99883.64 78.14674 0.8164433 1.300682
266.3214 3 294.5976 0.00282963 99883.64 78.14674 0.8164433 1.300682
244.9105 4 294.5976 0.00282963 99883.64 78.14674 0.8164433 1.300682
245.1417 7 294.5976 0.00282963 99883.64 78.14674 0.8164433 1.300682
251.3656 8 294.5976 0.00282963 99883.64 78.14674 0.8164433 1.300682
244.2719 9 294.5976 0.00282963 99883.64 78.14674 0.8164433 1.300682
194.0455 2 292.7364 0.0144886 99125.95 76.78668 0.6422585 1.069025
201.9531 3 292.7364 0.0144886 99125.95 76.78668 0.6422585 1.069025
182.5723 4 292.7364 0.0144886 99125.95 76.78668 0.6422585 1.069025
205.4601 7 292.7364 0.0144886 99125.95 76.78668 0.6422585 1.069025
184.374 8 292.7364 0.0144886 99125.95 76.78668 0.6422585 1.069025
197.7984 9 292.7364 0.0144886 99125.95 76.78668 0.6422585 1.069025
246.5435 2 292.7364 0.0144886 99125.95 76.78668 0.6422585 1.069025
271.5821 3 292.7364 0.0144886 99125.95 76.78668 0.6422585 1.069025
243.1357 4 292.7364 0.0144886 99125.95 76.78668 0.6422585 1.069025
248.1302 7 292.7364 0.0144886 99125.95 76.78668 0.6422585 1.069025
243.2138 8 292.7364 0.0144886 99125.95 76.78668 0.6422585 1.069025
250.0824 9 292.7364 0.0144886 99125.95 76.78668 0.6422585 1.069025
236.1786 2 292.7364 0.0144886 99125.95 76.78668 0.6422585 1.069025
243.0624 3 292.7364 0.0144886 99125.95 76.78668 0.6422585 1.069025
237.0389 4 292.7364 0.0144886 99125.95 76.78668 0.6422585 1.069025
251.6507 7 292.7364 0.0144886 99125.95 76.78668 0.6422585 1.069025
244.7605 8 292.7364 0.0144886 99125.95 76.78668 0.6422585 1.069025
249.2925 9 292.7364 0.0144886 99125.95 76.78668 0.6422585 1.069025
261.9046 2 292.431 -0.0165304 99476.88 79.23777 0.5941604 1.251769
264.9174 3 292.431 -0.0165304 99476.88 79.23777 0.5941604 1.251769
256.9834 4 292.431 -0.0165304 99476.88 79.23777 0.5941604 1.251769
265.5469 7 292.431 -0.0165304 99476.88 79.23777 0.5941604 1.251769
276.232 8 292.431 -0.0165304 99476.88 79.23777 0.5941604 1.251769
251.9553 9 292.431 -0.0165304 99476.88 79.23777 0.5941604 1.251769
263.6884 2 292.7364 0.0144886 99125.95 76.78668 0.6422585 1.069025
280.0428 3 292.7364 0.0144886 99125.95 76.78668 0.6422585 1.069025
270.1537 4 292.7364 0.0144886 99125.95 76.78668 0.6422585 1.069025
277.0883 7 292.7364 0.0144886 99125.95 76.78668 0.6422585 1.069025
277.7846 8 292.7364 0.0144886 99125.95 76.78668 0.6422585 1.069025
268.3038 9 292.7364 0.0144886 99125.95 76.78668 0.6422585 1.069025
248.1029 2 292.431 -0.0165304 99476.88 79.23777 0.5941604 1.251769
275.0958 3 292.431 -0.0165304 99476.88 79.23777 0.5941604 1.251769
255.7221 4 292.431 -0.0165304 99476.88 79.23777 0.5941604 1.251769
268.1578 7 292.431 -0.0165304 99476.88 79.23777 0.5941604 1.251769
239.9025 8 292.431 -0.0165304 99476.88 79.23777 0.5941604 1.251769
234.0925 9 292.431 -0.0165304 99476.88 79.23777 0.5941604 1.251769
155.0099 5 293.7997 -0.0001446 95903.44 66.29076 -0.92228 1.561416
126.74 6 293.7997 -0.0001446 95903.44 66.29076 -0.92228 1.561416
121.1348 5 296.2075 -0.0108293 96611.05 61.74049 -0.7169812 3.056661
86.75464 6 296.2075 -0.0108293 96611.05 61.74049 -0.7169812 3.056661
181.5705 5 294.9087 -0.0081853 97645.16 71.13451 -0.0100514 2.272965
174.3166 6 294.9087 -0.0081853 97645.16 71.13451 -0.0100514 2.272965
171.3436 5 294.9087 -0.0081853 97645.16 71.13451 -0.0100514 2.272965
174.2397 6 294.9087 -0.0081853 97645.16 71.13451 -0.0100514 2.272965
207.0365 5 294.9087 -0.0081853 97645.16 71.13451 -0.0100514 2.272965
266.3327 6 294.9087 -0.0081853 97645.16 71.13451 -0.0100514 2.272965
174.1109 5 293.2736 -0.0069529 97607.42 72.26902 -0.2240463 1.321878
201.7703 6 293.2736 -0.0069529 97607.42 72.26902 -0.2240463 1.321878
185.1524 5 293.2736 -0.0069529 97607.42 72.26902 -0.2240463 1.321878
250.6369 6 293.2736 -0.0069529 97607.42 72.26902 -0.2240463 1.321878
183.8933 5 293.2736 -0.0069529 97607.42 72.26902 -0.2240463 1.321878
208.3882 6 293.2736 -0.0069529 97607.42 72.26902 -0.2240463 1.321878
157.4111 5 293.7997 -0.0001446 95903.44 66.29076 -0.92228 1.561416
167.9357 6 293.7997 -0.0001446 95903.44 66.29076 -0.92228 1.561416
142.8733 5 293.7997 -0.0001446 95903.44 66.29076 -0.92228 1.561416
151.5337 6 293.7997 -0.0001446 95903.44 66.29076 -0.92228 1.561416
170.6753 5 293.7997 -0.0001446 95903.44 66.29076 -0.92228 1.561416
213.9141 6 293.7997 -0.0001446 95903.44 66.29076 -0.92228 1.561416
228.652 5 293.2736 -0.0069529 97607.42 72.26902 -0.2240463 1.321878
279.9851 6 293.2736 -0.0069529 97607.42 72.26902 -0.2240463 1.321878
174.3888 5 294.9087 -0.0081853 97645.16 71.13451 -0.0100514 2.272965
185.98 6 294.9087 -0.0081853 97645.16 71.13451 -0.0100514 2.272965
207.2529 5 296.2075 -0.0108293 96611.05 61.74049 -0.7169812 3.056661
195.3952 6 296.2075 -0.0108293 96611.05 61.74049 -0.7169812 3.056661
150.0452 5 296.2075 -0.0108293 96611.05 61.74049 -0.7169812 3.056661
136.3082 6 296.2075 -0.0108293 96611.05 61.74049 -0.7169812 3.056661
171.1401 5 296.838 -0.0206215 93971.1 55.3288 -0.8376328 2.612911
236.1846 6 296.838 -0.0206215 93971.1 55.3288 -0.8376328 2.612911
97.32179 5 294.1008 -0.0300155 93499.48 62.55707 -1.479073 0.8692963
79.17272 6 294.1008 -0.0300155 93499.48 62.55707 -1.479073 0.8692963
180.95 5 296.838 -0.0206215 93971.1 55.3288 -0.8376328 2.612911
233.0957 6 296.838 -0.0206215 93971.1 55.3288 -0.8376328 2.612911
202.3232 5 293.7925 -0.0162913 86455.86 53.63723 -0.1442907 1.38791
247.0509 6 293.7925 -0.0162913 86455.86 53.63723 -0.1442907 1.38791
286.7389 5 294.1008 -0.0300155 93499.48 62.55707 -1.479073 0.8692963
267.5971 6 294.1008 -0.0300155 93499.48 62.55707 -1.479073 0.8692963
208.4 0 293.2736 -0.0069529 97607.42 72.26902 -0.2240463 1.321878
191.5 1 293.2736 -0.0069529 97607.42 72.26902 -0.2240463 1.321878
243.6 0 293.2736 -0.0069529 97607.42 72.26902 -0.2240463 1.321878
228.6 1 293.2736 -0.0069529 97607.42 72.26902 -0.2240463 1.321878
196 0 293.1743 0.0134628 99140.83 76.11141 0.3582908 0.9158993
203.6 1 293.1743 0.0134628 99140.83 76.11141 0.3582908 0.9158993
248.5 0 293.1743 0.0134628 99140.83 76.11141 0.3582908 0.9158993
243.6 1 293.1743 0.0134628 99140.83 76.11141 0.3582908 0.9158993
231.4 1 293.1743 0.0134628 99140.83 76.11141 0.3582908 0.9158993
219.1 0 293.1743 0.0134628 99140.83 76.11141 0.3582908 0.9158993
234.7 1 293.1743 0.0134628 99140.83 76.11141 0.3582908 0.9158993
203.2 0 293.1743 0.0134628 99140.83 76.11141 0.3582908 0.9158993
296.9 0 294.5976 0.00282963 99883.64 78.14674 0.8164433 1.300682
272.1 1 294.5976 0.00282963 99883.64 78.14674 0.8164433 1.300682
283.9 0 294.6444 -0.0006051 99188.12 76.59918 0.6722857 1.464269
282.3 1 294.6444 -0.0006051 99188.12 76.59918 0.6722857 1.464269
290.4 0 294.6444 -0.0006051 99188.12 76.59918 0.6722857 1.464269
277.2 1 294.6444 -0.0006051 99188.12 76.59918 0.6722857 1.464269
200.9 0 294.9087 -0.0081853 97645.16 71.13451 -0.0100514 2.272965
185.2 1 294.9087 -0.0081853 97645.16 71.13451 -0.0100514 2.272965
159.3 0 294.9087 -0.0081853 97645.16 71.13451 -0.0100514 2.272965
130.4 1 294.9087 -0.0081853 97645.16 71.13451 -0.0100514 2.272965
184.4 0 294.9087 -0.0081853 97645.16 71.13451 -0.0100514 2.272965
180.9 1 294.9087 -0.0081853 97645.16 71.13451 -0.0100514 2.272965
